(kicad_pcb (version 20171130) (host pcbnew 5.1.5+dfsg1-2build2)

  (general
    (thickness 1.6)
    (drawings 4)
    (tracks 95)
    (zones 0)
    (modules 11)
    (nets 13)
  )

  (page A4)
  (layers
    (0 F.Cu signal)
    (31 B.Cu signal)
    (32 B.Adhes user)
    (33 F.Adhes user)
    (34 B.Paste user)
    (35 F.Paste user)
    (36 B.SilkS user)
    (37 F.SilkS user)
    (38 B.Mask user)
    (39 F.Mask user)
    (40 Dwgs.User user)
    (41 Cmts.User user)
    (42 Eco1.User user)
    (43 Eco2.User user)
    (44 Edge.Cuts user)
    (45 Margin user)
    (46 B.CrtYd user)
    (47 F.CrtYd user)
    (48 B.Fab user)
    (49 F.Fab user hide)
  )

  (setup
    (last_trace_width 0.25)
    (user_trace_width 0.6)
    (trace_clearance 0.2)
    (zone_clearance 0.508)
    (zone_45_only no)
    (trace_min 0.2)
    (via_size 0.8)
    (via_drill 0.4)
    (via_min_size 0.4)
    (via_min_drill 0.3)
    (user_via 0.4 0.3)
    (uvia_size 0.3)
    (uvia_drill 0.1)
    (uvias_allowed no)
    (uvia_min_size 0.2)
    (uvia_min_drill 0.1)
    (edge_width 0.05)
    (segment_width 0.2)
    (pcb_text_width 0.3)
    (pcb_text_size 1.5 1.5)
    (mod_edge_width 0.12)
    (mod_text_size 1 1)
    (mod_text_width 0.15)
    (pad_size 12 10)
    (pad_drill 0)
    (pad_to_mask_clearance 0.051)
    (solder_mask_min_width 0.25)
    (aux_axis_origin 0 0)
    (visible_elements FFFFFF7F)
    (pcbplotparams
      (layerselection 0x010fc_ffffffff)
      (usegerberextensions false)
      (usegerberattributes false)
      (usegerberadvancedattributes false)
      (creategerberjobfile false)
      (excludeedgelayer true)
      (linewidth 0.100000)
      (plotframeref false)
      (viasonmask false)
      (mode 1)
      (useauxorigin false)
      (hpglpennumber 1)
      (hpglpenspeed 20)
      (hpglpendiameter 15.000000)
      (psnegative false)
      (psa4output false)
      (plotreference true)
      (plotvalue true)
      (plotinvisibletext false)
      (padsonsilk false)
      (subtractmaskfromsilk false)
      (outputformat 1)
      (mirror false)
      (drillshape 0)
      (scaleselection 1)
      (outputdirectory "gerber"))
  )

  (net 0 "")
  (net 1 GND)
  (net 2 "Net-(C1-Pad1)")
  (net 3 "Net-(C2-Pad1)")
  (net 4 VCC)
  (net 5 "Net-(J1-Pad2)")
  (net 6 "Net-(J1-Pad3)")
  (net 7 "Net-(R1-Pad1)")
  (net 8 "Net-(R2-Pad1)")
  (net 9 "Net-(U1-Pad4)")
  (net 10 "Net-(U1-Pad6)")
  (net 11 "Net-(U2-Pad6)")
  (net 12 "Net-(U2-Pad4)")

  (net_class Default "This is the default net class."
    (clearance 0.2)
    (trace_width 0.25)
    (via_dia 0.8)
    (via_drill 0.4)
    (uvia_dia 0.3)
    (uvia_drill 0.1)
    (add_net GND)
    (add_net "Net-(C1-Pad1)")
    (add_net "Net-(C2-Pad1)")
    (add_net "Net-(J1-Pad2)")
    (add_net "Net-(J1-Pad3)")
    (add_net "Net-(R1-Pad1)")
    (add_net "Net-(R2-Pad1)")
    (add_net "Net-(U1-Pad4)")
    (add_net "Net-(U1-Pad6)")
    (add_net "Net-(U2-Pad4)")
    (add_net "Net-(U2-Pad6)")
    (add_net VCC)
  )

  (module touch_sensors:touchpad (layer B.Cu) (tedit 60AE7B5C) (tstamp 5FEC9DA8)
    (at 101.8 28)
    (path /5FEC8D5A)
    (fp_text reference H1 (at 0 -0.5) (layer B.SilkS)
      (effects (font (size 1 1) (thickness 0.15)) (justify mirror))
    )
    (fp_text value MENU (at 0 0.5) (layer B.Fab)
      (effects (font (size 1 1) (thickness 0.15)) (justify mirror))
    )
    (pad 1 smd roundrect (at 0 0) (size 12 10) (layers B.Cu) (roundrect_rratio 0.25)
      (net 2 "Net-(C1-Pad1)"))
  )

  (module touch_sensors:touchpad (layer B.Cu) (tedit 60AE7BCA) (tstamp 5FEC9942)
    (at 101.85 47)
    (path /5FEC6A83)
    (fp_text reference H2 (at 0 -0.5) (layer B.SilkS)
      (effects (font (size 1 1) (thickness 0.15)) (justify mirror))
    )
    (fp_text value SELECT (at 0 0.5) (layer B.Fab)
      (effects (font (size 1 1) (thickness 0.15)) (justify mirror))
    )
    (pad 1 smd roundrect (at 0.15 0) (size 12 10) (layers B.Cu) (roundrect_rratio 0.25)
      (net 3 "Net-(C2-Pad1)"))
  )

  (module Capacitor_SMD:C_0805_2012Metric (layer F.Cu) (tedit 5B36C52B) (tstamp 5FEC9905)
    (at 103.8 30.0625 270)
    (descr "Capacitor SMD 0805 (2012 Metric), square (rectangular) end terminal, IPC_7351 nominal, (Body size source: https://docs.google.com/spreadsheets/d/1BsfQQcO9C6DZCsRaXUlFlo91Tg2WpOkGARC1WS5S8t0/edit?usp=sharing), generated with kicad-footprint-generator")
    (tags capacitor)
    (path /5FEC4F81)
    (attr smd)
    (fp_text reference C1 (at 0 -1.65 90) (layer F.SilkS)
      (effects (font (size 1 1) (thickness 0.15)))
    )
    (fp_text value 11pF (at 0 1.65 90) (layer F.Fab)
      (effects (font (size 1 1) (thickness 0.15)))
    )
    (fp_text user %R (at 0 0 90) (layer F.Fab)
      (effects (font (size 0.5 0.5) (thickness 0.08)))
    )
    (fp_line (start 1.68 0.95) (end -1.68 0.95) (layer F.CrtYd) (width 0.05))
    (fp_line (start 1.68 -0.95) (end 1.68 0.95) (layer F.CrtYd) (width 0.05))
    (fp_line (start -1.68 -0.95) (end 1.68 -0.95) (layer F.CrtYd) (width 0.05))
    (fp_line (start -1.68 0.95) (end -1.68 -0.95) (layer F.CrtYd) (width 0.05))
    (fp_line (start -0.258578 0.71) (end 0.258578 0.71) (layer F.SilkS) (width 0.12))
    (fp_line (start -0.258578 -0.71) (end 0.258578 -0.71) (layer F.SilkS) (width 0.12))
    (fp_line (start 1 0.6) (end -1 0.6) (layer F.Fab) (width 0.1))
    (fp_line (start 1 -0.6) (end 1 0.6) (layer F.Fab) (width 0.1))
    (fp_line (start -1 -0.6) (end 1 -0.6) (layer F.Fab) (width 0.1))
    (fp_line (start -1 0.6) (end -1 -0.6) (layer F.Fab) (width 0.1))
    (pad 2 smd roundrect (at 0.9375 0 270) (size 0.975 1.4) (layers F.Cu F.Paste F.Mask) (roundrect_rratio 0.25)
      (net 1 GND))
    (pad 1 smd roundrect (at -0.9375 0 270) (size 0.975 1.4) (layers F.Cu F.Paste F.Mask) (roundrect_rratio 0.25)
      (net 2 "Net-(C1-Pad1)"))
    (model ${KISYS3DMOD}/Capacitor_SMD.3dshapes/C_0805_2012Metric.wrl
      (at (xyz 0 0 0))
      (scale (xyz 1 1 1))
      (rotate (xyz 0 0 0))
    )
  )

  (module Capacitor_SMD:C_0805_2012Metric (layer F.Cu) (tedit 5B36C52B) (tstamp 5FEC9916)
    (at 100.4 46.9375 90)
    (descr "Capacitor SMD 0805 (2012 Metric), square (rectangular) end terminal, IPC_7351 nominal, (Body size source: https://docs.google.com/spreadsheets/d/1BsfQQcO9C6DZCsRaXUlFlo91Tg2WpOkGARC1WS5S8t0/edit?usp=sharing), generated with kicad-footprint-generator")
    (tags capacitor)
    (path /5FEC4A08)
    (attr smd)
    (fp_text reference C2 (at 0 -1.65 90) (layer F.SilkS)
      (effects (font (size 1 1) (thickness 0.15)))
    )
    (fp_text value 11pF (at 0 1.65 90) (layer F.Fab)
      (effects (font (size 1 1) (thickness 0.15)))
    )
    (fp_line (start -1 0.6) (end -1 -0.6) (layer F.Fab) (width 0.1))
    (fp_line (start -1 -0.6) (end 1 -0.6) (layer F.Fab) (width 0.1))
    (fp_line (start 1 -0.6) (end 1 0.6) (layer F.Fab) (width 0.1))
    (fp_line (start 1 0.6) (end -1 0.6) (layer F.Fab) (width 0.1))
    (fp_line (start -0.258578 -0.71) (end 0.258578 -0.71) (layer F.SilkS) (width 0.12))
    (fp_line (start -0.258578 0.71) (end 0.258578 0.71) (layer F.SilkS) (width 0.12))
    (fp_line (start -1.68 0.95) (end -1.68 -0.95) (layer F.CrtYd) (width 0.05))
    (fp_line (start -1.68 -0.95) (end 1.68 -0.95) (layer F.CrtYd) (width 0.05))
    (fp_line (start 1.68 -0.95) (end 1.68 0.95) (layer F.CrtYd) (width 0.05))
    (fp_line (start 1.68 0.95) (end -1.68 0.95) (layer F.CrtYd) (width 0.05))
    (fp_text user %R (at 0 0 90) (layer F.Fab)
      (effects (font (size 0.5 0.5) (thickness 0.08)))
    )
    (pad 1 smd roundrect (at -0.9375 0 90) (size 0.975 1.4) (layers F.Cu F.Paste F.Mask) (roundrect_rratio 0.25)
      (net 3 "Net-(C2-Pad1)"))
    (pad 2 smd roundrect (at 0.9375 0 90) (size 0.975 1.4) (layers F.Cu F.Paste F.Mask) (roundrect_rratio 0.25)
      (net 1 GND))
    (model ${KISYS3DMOD}/Capacitor_SMD.3dshapes/C_0805_2012Metric.wrl
      (at (xyz 0 0 0))
      (scale (xyz 1 1 1))
      (rotate (xyz 0 0 0))
    )
  )

  (module Capacitor_SMD:C_0805_2012Metric (layer F.Cu) (tedit 5B36C52B) (tstamp 5FEC9927)
    (at 101.6 31.9375 90)
    (descr "Capacitor SMD 0805 (2012 Metric), square (rectangular) end terminal, IPC_7351 nominal, (Body size source: https://docs.google.com/spreadsheets/d/1BsfQQcO9C6DZCsRaXUlFlo91Tg2WpOkGARC1WS5S8t0/edit?usp=sharing), generated with kicad-footprint-generator")
    (tags capacitor)
    (path /5FEC6705)
    (attr smd)
    (fp_text reference C3 (at -1.0625 1.8 90) (layer F.SilkS)
      (effects (font (size 1 1) (thickness 0.15)))
    )
    (fp_text value .1uF (at 0 1.65 90) (layer F.Fab)
      (effects (font (size 1 1) (thickness 0.15)))
    )
    (fp_line (start -1 0.6) (end -1 -0.6) (layer F.Fab) (width 0.1))
    (fp_line (start -1 -0.6) (end 1 -0.6) (layer F.Fab) (width 0.1))
    (fp_line (start 1 -0.6) (end 1 0.6) (layer F.Fab) (width 0.1))
    (fp_line (start 1 0.6) (end -1 0.6) (layer F.Fab) (width 0.1))
    (fp_line (start -0.258578 -0.71) (end 0.258578 -0.71) (layer F.SilkS) (width 0.12))
    (fp_line (start -0.258578 0.71) (end 0.258578 0.71) (layer F.SilkS) (width 0.12))
    (fp_line (start -1.68 0.95) (end -1.68 -0.95) (layer F.CrtYd) (width 0.05))
    (fp_line (start -1.68 -0.95) (end 1.68 -0.95) (layer F.CrtYd) (width 0.05))
    (fp_line (start 1.68 -0.95) (end 1.68 0.95) (layer F.CrtYd) (width 0.05))
    (fp_line (start 1.68 0.95) (end -1.68 0.95) (layer F.CrtYd) (width 0.05))
    (fp_text user %R (at 0 0 90) (layer F.Fab)
      (effects (font (size 0.5 0.5) (thickness 0.08)))
    )
    (pad 1 smd roundrect (at -0.9375 0 90) (size 0.975 1.4) (layers F.Cu F.Paste F.Mask) (roundrect_rratio 0.25)
      (net 4 VCC))
    (pad 2 smd roundrect (at 0.9375 0 90) (size 0.975 1.4) (layers F.Cu F.Paste F.Mask) (roundrect_rratio 0.25)
      (net 1 GND))
    (model ${KISYS3DMOD}/Capacitor_SMD.3dshapes/C_0805_2012Metric.wrl
      (at (xyz 0 0 0))
      (scale (xyz 1 1 1))
      (rotate (xyz 0 0 0))
    )
  )

  (module Capacitor_SMD:C_0805_2012Metric (layer F.Cu) (tedit 5B36C52B) (tstamp 5FEC9938)
    (at 106.6 41.2 270)
    (descr "Capacitor SMD 0805 (2012 Metric), square (rectangular) end terminal, IPC_7351 nominal, (Body size source: https://docs.google.com/spreadsheets/d/1BsfQQcO9C6DZCsRaXUlFlo91Tg2WpOkGARC1WS5S8t0/edit?usp=sharing), generated with kicad-footprint-generator")
    (tags capacitor)
    (path /5FEC75DB)
    (attr smd)
    (fp_text reference C4 (at -0.8 1.4 90) (layer F.SilkS)
      (effects (font (size 1 1) (thickness 0.15)))
    )
    (fp_text value .1uF (at 0 1.65 90) (layer F.Fab)
      (effects (font (size 1 1) (thickness 0.15)))
    )
    (fp_text user %R (at 0 0 90) (layer F.Fab)
      (effects (font (size 0.5 0.5) (thickness 0.08)))
    )
    (fp_line (start 1.68 0.95) (end -1.68 0.95) (layer F.CrtYd) (width 0.05))
    (fp_line (start 1.68 -0.95) (end 1.68 0.95) (layer F.CrtYd) (width 0.05))
    (fp_line (start -1.68 -0.95) (end 1.68 -0.95) (layer F.CrtYd) (width 0.05))
    (fp_line (start -1.68 0.95) (end -1.68 -0.95) (layer F.CrtYd) (width 0.05))
    (fp_line (start -0.258578 0.71) (end 0.258578 0.71) (layer F.SilkS) (width 0.12))
    (fp_line (start -0.258578 -0.71) (end 0.258578 -0.71) (layer F.SilkS) (width 0.12))
    (fp_line (start 1 0.6) (end -1 0.6) (layer F.Fab) (width 0.1))
    (fp_line (start 1 -0.6) (end 1 0.6) (layer F.Fab) (width 0.1))
    (fp_line (start -1 -0.6) (end 1 -0.6) (layer F.Fab) (width 0.1))
    (fp_line (start -1 0.6) (end -1 -0.6) (layer F.Fab) (width 0.1))
    (pad 2 smd roundrect (at 0.9375 0 270) (size 0.975 1.4) (layers F.Cu F.Paste F.Mask) (roundrect_rratio 0.25)
      (net 1 GND))
    (pad 1 smd roundrect (at -0.9375 0 270) (size 0.975 1.4) (layers F.Cu F.Paste F.Mask) (roundrect_rratio 0.25)
      (net 4 VCC))
    (model ${KISYS3DMOD}/Capacitor_SMD.3dshapes/C_0805_2012Metric.wrl
      (at (xyz 0 0 0))
      (scale (xyz 1 1 1))
      (rotate (xyz 0 0 0))
    )
  )

  (module Connector_PinHeader_2.54mm:PinHeader_1x04_P2.54mm_Vertical (layer F.Cu) (tedit 59FED5CC) (tstamp 5FEC995A)
    (at 98.2 37.4 90)
    (descr "Through hole straight pin header, 1x04, 2.54mm pitch, single row")
    (tags "Through hole pin header THT 1x04 2.54mm single row")
    (path /5FEC42FA)
    (fp_text reference J1 (at 0 -2.33 90) (layer F.SilkS)
      (effects (font (size 1 1) (thickness 0.15)))
    )
    (fp_text value Conn_01x04 (at 0 9.95 90) (layer F.Fab)
      (effects (font (size 1 1) (thickness 0.15)))
    )
    (fp_line (start -0.635 -1.27) (end 1.27 -1.27) (layer F.Fab) (width 0.1))
    (fp_line (start 1.27 -1.27) (end 1.27 8.89) (layer F.Fab) (width 0.1))
    (fp_line (start 1.27 8.89) (end -1.27 8.89) (layer F.Fab) (width 0.1))
    (fp_line (start -1.27 8.89) (end -1.27 -0.635) (layer F.Fab) (width 0.1))
    (fp_line (start -1.27 -0.635) (end -0.635 -1.27) (layer F.Fab) (width 0.1))
    (fp_line (start -1.33 8.95) (end 1.33 8.95) (layer F.SilkS) (width 0.12))
    (fp_line (start -1.33 1.27) (end -1.33 8.95) (layer F.SilkS) (width 0.12))
    (fp_line (start 1.33 1.27) (end 1.33 8.95) (layer F.SilkS) (width 0.12))
    (fp_line (start -1.33 1.27) (end 1.33 1.27) (layer F.SilkS) (width 0.12))
    (fp_line (start -1.33 0) (end -1.33 -1.33) (layer F.SilkS) (width 0.12))
    (fp_line (start -1.33 -1.33) (end 0 -1.33) (layer F.SilkS) (width 0.12))
    (fp_line (start -1.8 -1.8) (end -1.8 9.4) (layer F.CrtYd) (width 0.05))
    (fp_line (start -1.8 9.4) (end 1.8 9.4) (layer F.CrtYd) (width 0.05))
    (fp_line (start 1.8 9.4) (end 1.8 -1.8) (layer F.CrtYd) (width 0.05))
    (fp_line (start 1.8 -1.8) (end -1.8 -1.8) (layer F.CrtYd) (width 0.05))
    (fp_text user %R (at 0 3.81) (layer F.Fab)
      (effects (font (size 1 1) (thickness 0.15)))
    )
    (pad 1 thru_hole rect (at 0 0 90) (size 1.7 1.7) (drill 1) (layers *.Cu *.Mask)
      (net 1 GND))
    (pad 2 thru_hole oval (at 0 2.54 90) (size 1.7 1.7) (drill 1) (layers *.Cu *.Mask)
      (net 5 "Net-(J1-Pad2)"))
    (pad 3 thru_hole oval (at 0 5.08 90) (size 1.7 1.7) (drill 1) (layers *.Cu *.Mask)
      (net 6 "Net-(J1-Pad3)"))
    (pad 4 thru_hole oval (at 0 7.62 90) (size 1.7 1.7) (drill 1) (layers *.Cu *.Mask)
      (net 4 VCC))
    (model ${KISYS3DMOD}/Connector_PinHeader_2.54mm.3dshapes/PinHeader_1x04_P2.54mm_Vertical.wrl
      (at (xyz 0 0 0))
      (scale (xyz 1 1 1))
      (rotate (xyz 0 0 0))
    )
  )

  (module Resistor_SMD:R_0805_2012Metric (layer F.Cu) (tedit 5B36C52B) (tstamp 5FEC996B)
    (at 99.4 31.9375 270)
    (descr "Resistor SMD 0805 (2012 Metric), square (rectangular) end terminal, IPC_7351 nominal, (Body size source: https://docs.google.com/spreadsheets/d/1BsfQQcO9C6DZCsRaXUlFlo91Tg2WpOkGARC1WS5S8t0/edit?usp=sharing), generated with kicad-footprint-generator")
    (tags resistor)
    (path /5FEC7E3D)
    (attr smd)
    (fp_text reference R1 (at 0.5375 2 90) (layer F.SilkS)
      (effects (font (size 1 1) (thickness 0.15)))
    )
    (fp_text value 2k (at 0 1.65 90) (layer F.Fab)
      (effects (font (size 1 1) (thickness 0.15)))
    )
    (fp_line (start -1 0.6) (end -1 -0.6) (layer F.Fab) (width 0.1))
    (fp_line (start -1 -0.6) (end 1 -0.6) (layer F.Fab) (width 0.1))
    (fp_line (start 1 -0.6) (end 1 0.6) (layer F.Fab) (width 0.1))
    (fp_line (start 1 0.6) (end -1 0.6) (layer F.Fab) (width 0.1))
    (fp_line (start -0.258578 -0.71) (end 0.258578 -0.71) (layer F.SilkS) (width 0.12))
    (fp_line (start -0.258578 0.71) (end 0.258578 0.71) (layer F.SilkS) (width 0.12))
    (fp_line (start -1.68 0.95) (end -1.68 -0.95) (layer F.CrtYd) (width 0.05))
    (fp_line (start -1.68 -0.95) (end 1.68 -0.95) (layer F.CrtYd) (width 0.05))
    (fp_line (start 1.68 -0.95) (end 1.68 0.95) (layer F.CrtYd) (width 0.05))
    (fp_line (start 1.68 0.95) (end -1.68 0.95) (layer F.CrtYd) (width 0.05))
    (fp_text user %R (at 0 0 90) (layer F.Fab)
      (effects (font (size 0.5 0.5) (thickness 0.08)))
    )
    (pad 1 smd roundrect (at -0.9375 0 270) (size 0.975 1.4) (layers F.Cu F.Paste F.Mask) (roundrect_rratio 0.25)
      (net 7 "Net-(R1-Pad1)"))
    (pad 2 smd roundrect (at 0.9375 0 270) (size 0.975 1.4) (layers F.Cu F.Paste F.Mask) (roundrect_rratio 0.25)
      (net 6 "Net-(J1-Pad3)"))
    (model ${KISYS3DMOD}/Resistor_SMD.3dshapes/R_0805_2012Metric.wrl
      (at (xyz 0 0 0))
      (scale (xyz 1 1 1))
      (rotate (xyz 0 0 0))
    )
  )

  (module Resistor_SMD:R_0805_2012Metric (layer F.Cu) (tedit 5B36C52B) (tstamp 5FEC997C)
    (at 100.6 41.2625 90)
    (descr "Resistor SMD 0805 (2012 Metric), square (rectangular) end terminal, IPC_7351 nominal, (Body size source: https://docs.google.com/spreadsheets/d/1BsfQQcO9C6DZCsRaXUlFlo91Tg2WpOkGARC1WS5S8t0/edit?usp=sharing), generated with kicad-footprint-generator")
    (tags resistor)
    (path /5FEC90A8)
    (attr smd)
    (fp_text reference R2 (at 0 -1.65 90) (layer F.SilkS)
      (effects (font (size 1 1) (thickness 0.15)))
    )
    (fp_text value 2k (at 0 1.65 90) (layer F.Fab)
      (effects (font (size 1 1) (thickness 0.15)))
    )
    (fp_text user %R (at 0 0 90) (layer F.Fab)
      (effects (font (size 0.5 0.5) (thickness 0.08)))
    )
    (fp_line (start 1.68 0.95) (end -1.68 0.95) (layer F.CrtYd) (width 0.05))
    (fp_line (start 1.68 -0.95) (end 1.68 0.95) (layer F.CrtYd) (width 0.05))
    (fp_line (start -1.68 -0.95) (end 1.68 -0.95) (layer F.CrtYd) (width 0.05))
    (fp_line (start -1.68 0.95) (end -1.68 -0.95) (layer F.CrtYd) (width 0.05))
    (fp_line (start -0.258578 0.71) (end 0.258578 0.71) (layer F.SilkS) (width 0.12))
    (fp_line (start -0.258578 -0.71) (end 0.258578 -0.71) (layer F.SilkS) (width 0.12))
    (fp_line (start 1 0.6) (end -1 0.6) (layer F.Fab) (width 0.1))
    (fp_line (start 1 -0.6) (end 1 0.6) (layer F.Fab) (width 0.1))
    (fp_line (start -1 -0.6) (end 1 -0.6) (layer F.Fab) (width 0.1))
    (fp_line (start -1 0.6) (end -1 -0.6) (layer F.Fab) (width 0.1))
    (pad 2 smd roundrect (at 0.9375 0 90) (size 0.975 1.4) (layers F.Cu F.Paste F.Mask) (roundrect_rratio 0.25)
      (net 5 "Net-(J1-Pad2)"))
    (pad 1 smd roundrect (at -0.9375 0 90) (size 0.975 1.4) (layers F.Cu F.Paste F.Mask) (roundrect_rratio 0.25)
      (net 8 "Net-(R2-Pad1)"))
    (model ${KISYS3DMOD}/Resistor_SMD.3dshapes/R_0805_2012Metric.wrl
      (at (xyz 0 0 0))
      (scale (xyz 1 1 1))
      (rotate (xyz 0 0 0))
    )
  )

  (module Package_TO_SOT_SMD:SOT-23-6 (layer F.Cu) (tedit 5A02FF57) (tstamp 5FEC9992)
    (at 100.95 28.1 90)
    (descr "6-pin SOT-23 package")
    (tags SOT-23-6)
    (path /5FEC3B6F)
    (attr smd)
    (fp_text reference U1 (at 0 -2.9 90) (layer F.SilkS)
      (effects (font (size 1 1) (thickness 0.15)))
    )
    (fp_text value TTP223 (at 0 2.9 90) (layer F.Fab)
      (effects (font (size 1 1) (thickness 0.15)))
    )
    (fp_text user %R (at 0 0) (layer F.Fab)
      (effects (font (size 0.5 0.5) (thickness 0.075)))
    )
    (fp_line (start -0.9 1.61) (end 0.9 1.61) (layer F.SilkS) (width 0.12))
    (fp_line (start 0.9 -1.61) (end -1.55 -1.61) (layer F.SilkS) (width 0.12))
    (fp_line (start 1.9 -1.8) (end -1.9 -1.8) (layer F.CrtYd) (width 0.05))
    (fp_line (start 1.9 1.8) (end 1.9 -1.8) (layer F.CrtYd) (width 0.05))
    (fp_line (start -1.9 1.8) (end 1.9 1.8) (layer F.CrtYd) (width 0.05))
    (fp_line (start -1.9 -1.8) (end -1.9 1.8) (layer F.CrtYd) (width 0.05))
    (fp_line (start -0.9 -0.9) (end -0.25 -1.55) (layer F.Fab) (width 0.1))
    (fp_line (start 0.9 -1.55) (end -0.25 -1.55) (layer F.Fab) (width 0.1))
    (fp_line (start -0.9 -0.9) (end -0.9 1.55) (layer F.Fab) (width 0.1))
    (fp_line (start 0.9 1.55) (end -0.9 1.55) (layer F.Fab) (width 0.1))
    (fp_line (start 0.9 -1.55) (end 0.9 1.55) (layer F.Fab) (width 0.1))
    (pad 1 smd rect (at -1.1 -0.95 90) (size 1.06 0.65) (layers F.Cu F.Paste F.Mask)
      (net 7 "Net-(R1-Pad1)"))
    (pad 2 smd rect (at -1.1 0 90) (size 1.06 0.65) (layers F.Cu F.Paste F.Mask)
      (net 1 GND))
    (pad 3 smd rect (at -1.1 0.95 90) (size 1.06 0.65) (layers F.Cu F.Paste F.Mask)
      (net 2 "Net-(C1-Pad1)"))
    (pad 4 smd rect (at 1.1 0.95 90) (size 1.06 0.65) (layers F.Cu F.Paste F.Mask)
      (net 9 "Net-(U1-Pad4)"))
    (pad 6 smd rect (at 1.1 -0.95 90) (size 1.06 0.65) (layers F.Cu F.Paste F.Mask)
      (net 10 "Net-(U1-Pad6)"))
    (pad 5 smd rect (at 1.1 0 90) (size 1.06 0.65) (layers F.Cu F.Paste F.Mask)
      (net 4 VCC))
    (model ${KISYS3DMOD}/Package_TO_SOT_SMD.3dshapes/SOT-23-6.wrl
      (at (xyz 0 0 0))
      (scale (xyz 1 1 1))
      (rotate (xyz 0 0 0))
    )
  )

  (module Package_TO_SOT_SMD:SOT-23-6 (layer F.Cu) (tedit 5A02FF57) (tstamp 5FEC99A8)
    (at 103.6 42.9 90)
    (descr "6-pin SOT-23 package")
    (tags SOT-23-6)
    (path /5FEC3EF9)
    (attr smd)
    (fp_text reference U2 (at 0 -2.9 90) (layer F.SilkS)
      (effects (font (size 1 1) (thickness 0.15)))
    )
    (fp_text value TTP223 (at 0 2.9 90) (layer F.Fab)
      (effects (font (size 1 1) (thickness 0.15)))
    )
    (fp_line (start 0.9 -1.55) (end 0.9 1.55) (layer F.Fab) (width 0.1))
    (fp_line (start 0.9 1.55) (end -0.9 1.55) (layer F.Fab) (width 0.1))
    (fp_line (start -0.9 -0.9) (end -0.9 1.55) (layer F.Fab) (width 0.1))
    (fp_line (start 0.9 -1.55) (end -0.25 -1.55) (layer F.Fab) (width 0.1))
    (fp_line (start -0.9 -0.9) (end -0.25 -1.55) (layer F.Fab) (width 0.1))
    (fp_line (start -1.9 -1.8) (end -1.9 1.8) (layer F.CrtYd) (width 0.05))
    (fp_line (start -1.9 1.8) (end 1.9 1.8) (layer F.CrtYd) (width 0.05))
    (fp_line (start 1.9 1.8) (end 1.9 -1.8) (layer F.CrtYd) (width 0.05))
    (fp_line (start 1.9 -1.8) (end -1.9 -1.8) (layer F.CrtYd) (width 0.05))
    (fp_line (start 0.9 -1.61) (end -1.55 -1.61) (layer F.SilkS) (width 0.12))
    (fp_line (start -0.9 1.61) (end 0.9 1.61) (layer F.SilkS) (width 0.12))
    (fp_text user %R (at 0 0) (layer F.Fab)
      (effects (font (size 0.5 0.5) (thickness 0.075)))
    )
    (pad 5 smd rect (at 1.1 0 90) (size 1.06 0.65) (layers F.Cu F.Paste F.Mask)
      (net 4 VCC))
    (pad 6 smd rect (at 1.1 -0.95 90) (size 1.06 0.65) (layers F.Cu F.Paste F.Mask)
      (net 11 "Net-(U2-Pad6)"))
    (pad 4 smd rect (at 1.1 0.95 90) (size 1.06 0.65) (layers F.Cu F.Paste F.Mask)
      (net 12 "Net-(U2-Pad4)"))
    (pad 3 smd rect (at -1.1 0.95 90) (size 1.06 0.65) (layers F.Cu F.Paste F.Mask)
      (net 3 "Net-(C2-Pad1)"))
    (pad 2 smd rect (at -1.1 0 90) (size 1.06 0.65) (layers F.Cu F.Paste F.Mask)
      (net 1 GND))
    (pad 1 smd rect (at -1.1 -0.95 90) (size 1.06 0.65) (layers F.Cu F.Paste F.Mask)
      (net 8 "Net-(R2-Pad1)"))
    (model ${KISYS3DMOD}/Package_TO_SOT_SMD.3dshapes/SOT-23-6.wrl
      (at (xyz 0 0 0))
      (scale (xyz 1 1 1))
      (rotate (xyz 0 0 0))
    )
  )

  (gr_line (start 94.8 52.4) (end 94.8 22.4) (layer Edge.Cuts) (width 0.05) (tstamp 5FECAB0A))
  (gr_line (start 116 52.4) (end 94.8 52.4) (layer Edge.Cuts) (width 0.05))
  (gr_line (start 116 22.4) (end 116 52.4) (layer Edge.Cuts) (width 0.05))
  (gr_line (start 94.8 22.4) (end 116 22.4) (layer Edge.Cuts) (width 0.05))

  (via (at 110.2 49.3) (size 0.4) (drill 0.3) (layers F.Cu B.Cu) (net 0))
  (via (at 110.2 48.6) (size 0.4) (drill 0.3) (layers F.Cu B.Cu) (net 0))
  (via (at 110.2 47.9) (size 0.4) (drill 0.3) (layers F.Cu B.Cu) (net 0))
  (via (at 110.2 47.2) (size 0.4) (drill 0.3) (layers F.Cu B.Cu) (net 0))
  (via (at 110.2 46.5) (size 0.4) (drill 0.3) (layers F.Cu B.Cu) (net 0))
  (via (at 110.2 45.8) (size 0.4) (drill 0.3) (layers F.Cu B.Cu) (net 0))
  (via (at 110.2 45.1) (size 0.4) (drill 0.3) (layers F.Cu B.Cu) (net 0) (tstamp 605E3574))
  (via (at 110.2 44.4) (size 0.4) (drill 0.3) (layers F.Cu B.Cu) (net 0))
  (via (at 110.2 43.7) (size 0.4) (drill 0.3) (layers F.Cu B.Cu) (net 0))
  (via (at 110.2 43) (size 0.4) (drill 0.3) (layers F.Cu B.Cu) (net 0))
  (via (at 110.2 42.3) (size 0.4) (drill 0.3) (layers F.Cu B.Cu) (net 0) (tstamp 605E3586))
  (via (at 110.2 38.1) (size 0.4) (drill 0.3) (layers F.Cu B.Cu) (net 0) (tstamp 605E3587))
  (via (at 110.2 37.4) (size 0.4) (drill 0.3) (layers F.Cu B.Cu) (net 0) (tstamp 605E3588))
  (via (at 110.2 36.7) (size 0.4) (drill 0.3) (layers F.Cu B.Cu) (net 0) (tstamp 605E3589))
  (via (at 110.2 36) (size 0.4) (drill 0.3) (layers F.Cu B.Cu) (net 0) (tstamp 605E358A))
  (via (at 110.2 41.6) (size 0.4) (drill 0.3) (layers F.Cu B.Cu) (net 0) (tstamp 605E358B))
  (via (at 110.2 40.9) (size 0.4) (drill 0.3) (layers F.Cu B.Cu) (net 0) (tstamp 605E358C))
  (via (at 110.2 40.2) (size 0.4) (drill 0.3) (layers F.Cu B.Cu) (net 0) (tstamp 605E358D))
  (via (at 110.2 39.5) (size 0.4) (drill 0.3) (layers F.Cu B.Cu) (net 0) (tstamp 605E358E))
  (via (at 110.2 38.8) (size 0.4) (drill 0.3) (layers F.Cu B.Cu) (net 0) (tstamp 605E358F))
  (via (at 110.2 29) (size 0.4) (drill 0.3) (layers F.Cu B.Cu) (net 0) (tstamp 605E359A))
  (via (at 110.2 34.6) (size 0.4) (drill 0.3) (layers F.Cu B.Cu) (net 0) (tstamp 605E359B))
  (via (at 110.2 33.9) (size 0.4) (drill 0.3) (layers F.Cu B.Cu) (net 0) (tstamp 605E359C))
  (via (at 110.2 29.7) (size 0.4) (drill 0.3) (layers F.Cu B.Cu) (net 0) (tstamp 605E359D))
  (via (at 110.2 30.4) (size 0.4) (drill 0.3) (layers F.Cu B.Cu) (net 0) (tstamp 605E359E))
  (via (at 110.2 31.1) (size 0.4) (drill 0.3) (layers F.Cu B.Cu) (net 0) (tstamp 605E359F))
  (via (at 110.2 31.8) (size 0.4) (drill 0.3) (layers F.Cu B.Cu) (net 0) (tstamp 605E35A0))
  (via (at 110.2 35.3) (size 0.4) (drill 0.3) (layers F.Cu B.Cu) (net 0) (tstamp 605E35A1))
  (via (at 110.2 33.2) (size 0.4) (drill 0.3) (layers F.Cu B.Cu) (net 0) (tstamp 605E35A2))
  (via (at 110.2 32.5) (size 0.4) (drill 0.3) (layers F.Cu B.Cu) (net 0) (tstamp 605E35A3))
  (via (at 110.2 26.1) (size 0.4) (drill 0.3) (layers F.Cu B.Cu) (net 0) (tstamp 605E35AF))
  (via (at 110.2 25.4) (size 0.4) (drill 0.3) (layers F.Cu B.Cu) (net 0) (tstamp 605E35B0))
  (via (at 110.2 26.8) (size 0.4) (drill 0.3) (layers F.Cu B.Cu) (net 0) (tstamp 605E35B1))
  (via (at 110.2 27.5) (size 0.4) (drill 0.3) (layers F.Cu B.Cu) (net 0) (tstamp 605E35B2))
  (via (at 110.2 28.2) (size 0.4) (drill 0.3) (layers F.Cu B.Cu) (net 0) (tstamp 605E35B3))
  (via (at 110.2 23.9) (size 0.4) (drill 0.3) (layers F.Cu B.Cu) (net 0) (tstamp 605E35BA))
  (via (at 110.2 24.6) (size 0.4) (drill 0.3) (layers F.Cu B.Cu) (net 0) (tstamp 605E35BC))
  (via (at 110.2 50) (size 0.4) (drill 0.3) (layers F.Cu B.Cu) (net 0) (tstamp 605E35C2))
  (via (at 110.2 23.2) (size 0.4) (drill 0.3) (layers F.Cu B.Cu) (net 0) (tstamp 605E370D))
  (via (at 110.2 52.1) (size 0.4) (drill 0.3) (layers F.Cu B.Cu) (net 0) (tstamp 605E371D))
  (via (at 110.2 51.4) (size 0.4) (drill 0.3) (layers F.Cu B.Cu) (net 0) (tstamp 605E371E))
  (via (at 110.2 50.7) (size 0.4) (drill 0.3) (layers F.Cu B.Cu) (net 0) (tstamp 605E371F))
  (segment (start 106.6 45.8) (end 106.6 41.7375) (width 0.6) (layer F.Cu) (net 1))
  (segment (start 106.4 46) (end 106.6 45.8) (width 0.6) (layer F.Cu) (net 1))
  (segment (start 103.6 45.13) (end 104.47 46) (width 0.6) (layer F.Cu) (net 1))
  (segment (start 103.6 44) (end 103.6 45.13) (width 0.6) (layer F.Cu) (net 1))
  (segment (start 105 46) (end 106.4 46) (width 0.6) (layer F.Cu) (net 1))
  (segment (start 104.47 46) (end 105 46) (width 0.6) (layer F.Cu) (net 1))
  (segment (start 100.95 30.35) (end 101.6 31) (width 0.6) (layer F.Cu) (net 1))
  (segment (start 100.95 29.2) (end 100.95 30.35) (width 0.6) (layer F.Cu) (net 1))
  (segment (start 101.6 31) (end 103.8 31) (width 0.6) (layer F.Cu) (net 1))
  (via (at 105.6 35.4) (size 0.8) (drill 0.4) (layers F.Cu B.Cu) (net 1))
  (segment (start 105.6 32.8) (end 103.8 31) (width 0.6) (layer F.Cu) (net 1))
  (segment (start 105.6 35.4) (end 105.6 32.8) (width 0.6) (layer F.Cu) (net 1))
  (segment (start 100 46) (end 105 46) (width 0.6) (layer F.Cu) (net 1))
  (segment (start 98.2 44.2) (end 100 46) (width 0.6) (layer F.Cu) (net 1))
  (segment (start 98.2 37.4) (end 98.2 44.2) (width 0.6) (layer F.Cu) (net 1))
  (segment (start 98.55 35.4) (end 105.6 35.4) (width 0.6) (layer B.Cu) (net 1))
  (segment (start 98.2 35.75) (end 98.55 35.4) (width 0.6) (layer B.Cu) (net 1))
  (segment (start 98.2 37.4) (end 98.2 35.75) (width 0.6) (layer B.Cu) (net 1))
  (segment (start 103.725 29.2) (end 103.8 29.125) (width 0.6) (layer F.Cu) (net 2))
  (segment (start 101.9 29.2) (end 103.725 29.2) (width 0.6) (layer F.Cu) (net 2))
  (segment (start 103.8 29.125) (end 103.8 28) (width 0.6) (layer F.Cu) (net 2))
  (segment (start 103.8 28) (end 103.6 27.8) (width 0.6) (layer F.Cu) (net 2))
  (segment (start 103.6 27.8) (end 103.6 27.8) (width 0.6) (layer F.Cu) (net 2) (tstamp 5FF0CE6E))
  (via (at 103.6 27.8) (size 0.8) (drill 0.4) (layers F.Cu B.Cu) (net 2))
  (segment (start 104.55 44) (end 105 44) (width 0.6) (layer F.Cu) (net 3))
  (segment (start 105 44) (end 105.4 44.4) (width 0.6) (layer F.Cu) (net 3))
  (segment (start 105.4 44.4) (end 105.6 44.6) (width 0.6) (layer F.Cu) (net 3))
  (via (at 105.6 44.6) (size 0.8) (drill 0.4) (layers F.Cu B.Cu) (net 3))
  (segment (start 100.4 47.875) (end 102.675 47.875) (width 0.6) (layer F.Cu) (net 3))
  (via (at 102.675 47.875) (size 0.8) (drill 0.4) (layers F.Cu B.Cu) (net 3))
  (segment (start 106.669999 36.350001) (end 106.669999 28.469999) (width 0.6) (layer F.Cu) (net 4))
  (segment (start 105.82 37.2) (end 106.669999 36.350001) (width 0.6) (layer F.Cu) (net 4))
  (segment (start 106.669999 28.469999) (end 103.4 25.2) (width 0.6) (layer F.Cu) (net 4))
  (segment (start 103.4 25.2) (end 101.6 25.2) (width 0.6) (layer F.Cu) (net 4))
  (segment (start 100.95 25.85) (end 100.95 27) (width 0.6) (layer F.Cu) (net 4))
  (segment (start 101.6 25.2) (end 100.95 25.85) (width 0.6) (layer F.Cu) (net 4))
  (segment (start 103.6 40.67) (end 103.6 41.8) (width 0.6) (layer F.Cu) (net 4))
  (segment (start 103.8 40.4) (end 103.6 40.67) (width 0.6) (layer F.Cu) (net 4))
  (segment (start 104.4 40.4) (end 103.8 40.4) (width 0.6) (layer F.Cu) (net 4))
  (segment (start 106.6 40.2625) (end 104.4 40.4) (width 0.6) (layer F.Cu) (net 4))
  (segment (start 105.82 37.4) (end 105.82 37.2) (width 0.6) (layer F.Cu) (net 4))
  (segment (start 101.6 32.875) (end 105.82 37.4) (width 0.6) (layer F.Cu) (net 4))
  (segment (start 105.82 38.4) (end 106.6 40.2625) (width 0.6) (layer F.Cu) (net 4))
  (segment (start 105.82 37.2) (end 105.82 38.4) (width 0.6) (layer F.Cu) (net 4))
  (segment (start 100.6 40.325) (end 100.6 40) (width 0.6) (layer F.Cu) (net 5))
  (segment (start 100.74 37.4) (end 100.6 40.325) (width 0.6) (layer F.Cu) (net 5))
  (segment (start 99.4 33.32) (end 103.28 37.4) (width 0.6) (layer F.Cu) (net 6))
  (segment (start 99.4 32.875) (end 99.4 33.32) (width 0.6) (layer F.Cu) (net 6))
  (segment (start 99.4 29.8) (end 100 29.2) (width 0.6) (layer F.Cu) (net 7))
  (segment (start 99.4 31) (end 99.4 29.8) (width 0.6) (layer F.Cu) (net 7))
  (segment (start 101.4 44) (end 102.65 44) (width 0.6) (layer F.Cu) (net 8))
  (segment (start 100.6 43.2) (end 101.4 44) (width 0.6) (layer F.Cu) (net 8))
  (segment (start 100.6 42.2) (end 100.6 43.2) (width 0.6) (layer F.Cu) (net 8))

)
