(kicad_pcb (version 20171130) (host pcbnew 5.1.4+dfsg1-1)

  (general
    (thickness 1.6)
    (drawings 19)
    (tracks 800)
    (zones 0)
    (modules 71)
    (nets 53)
  )

  (page A4)
  (layers
    (0 F.Cu signal)
    (1 In1.Cu signal hide)
    (2 In2.Cu signal)
    (31 B.Cu signal)
    (32 B.Adhes user hide)
    (33 F.Adhes user)
    (34 B.Paste user)
    (35 F.Paste user)
    (36 B.SilkS user)
    (37 F.SilkS user)
    (38 B.Mask user)
    (39 F.Mask user)
    (40 Dwgs.User user hide)
    (41 Cmts.User user hide)
    (42 Eco1.User user)
    (43 Eco2.User user)
    (44 Edge.Cuts user)
    (45 Margin user hide)
    (46 B.CrtYd user hide)
    (47 F.CrtYd user)
    (48 B.Fab user hide)
    (49 F.Fab user hide)
  )

  (setup
    (last_trace_width 0.25)
    (user_trace_width 0.4)
    (user_trace_width 0.5)
    (user_trace_width 0.6)
    (user_trace_width 0.8)
    (user_trace_width 1.6)
    (user_trace_width 1.8)
    (user_trace_width 2)
    (user_trace_width 2.8)
    (user_trace_width 3)
    (user_trace_width 4)
    (user_trace_width 6)
    (trace_clearance 0.2)
    (zone_clearance 0.508)
    (zone_45_only no)
    (trace_min 0.25)
    (via_size 0.8)
    (via_drill 0.4)
    (via_min_size 0.4)
    (via_min_drill 0.3)
    (user_via 0.6 0.4)
    (user_via 1.2 1)
    (user_via 2.4 2)
    (user_via 6 3)
    (uvia_size 0.3)
    (uvia_drill 0.1)
    (uvias_allowed no)
    (uvia_min_size 0.2)
    (uvia_min_drill 0.1)
    (edge_width 0.15)
    (segment_width 2.2)
    (pcb_text_width 0.3)
    (pcb_text_size 1.5 1.5)
    (mod_edge_width 0.15)
    (mod_text_size 1 1)
    (mod_text_width 0.15)
    (pad_size 3.15 1)
    (pad_drill 0)
    (pad_to_mask_clearance 0.2)
    (solder_mask_min_width 0.25)
    (aux_axis_origin 0 0)
    (visible_elements 7EFFFFFB)
    (pcbplotparams
      (layerselection 0x010fc_ffffffff)
      (usegerberextensions false)
      (usegerberattributes false)
      (usegerberadvancedattributes false)
      (creategerberjobfile false)
      (excludeedgelayer true)
      (linewidth 0.100000)
      (plotframeref false)
      (viasonmask false)
      (mode 1)
      (useauxorigin false)
      (hpglpennumber 1)
      (hpglpenspeed 20)
      (hpglpendiameter 15.000000)
      (psnegative false)
      (psa4output false)
      (plotreference true)
      (plotvalue true)
      (plotinvisibletext false)
      (padsonsilk false)
      (subtractmaskfromsilk false)
      (outputformat 1)
      (mirror false)
      (drillshape 0)
      (scaleselection 1)
      (outputdirectory ""))
  )

  (net 0 "")
  (net 1 GND)
  (net 2 "Net-(C2-Pad2)")
  (net 3 "Net-(C2-Pad1)")
  (net 4 +12V)
  (net 5 "Net-(C6-Pad1)")
  (net 6 "Net-(C5-Pad1)")
  (net 7 EndB)
  (net 8 EndA)
  (net 9 MISO)
  (net 10 SCK)
  (net 11 RESET)
  (net 12 MOSI)
  (net 13 /sense/Shunt)
  (net 14 "Net-(R2-Pad2)")
  (net 15 Motor_Temp)
  (net 16 Rudder)
  (net 17 RX)
  (net 18 "Net-(Q2-Pad1)")
  (net 19 "Net-(R16-Pad2)")
  (net 20 "Net-(R17-Pad2)")
  (net 21 "Net-(Q1-Pad1)")
  (net 22 "Net-(Q3-Pad1)")
  (net 23 "Net-(R19-Pad2)")
  (net 24 TX)
  (net 25 /sense/PWMAH)
  (net 26 /sense/PWMAL)
  (net 27 "Net-(C5-Pad2)")
  (net 28 "Net-(C6-Pad2)")
  (net 29 "Net-(R18-Pad2)")
  (net 30 /sense/PWMBL)
  (net 31 /sense/PWMBH)
  (net 32 Voltage)
  (net 33 Controller_Temp)
  (net 34 "Net-(Q4-Pad1)")
  (net 35 "Net-(C3-Pad1)")
  (net 36 "Net-(C12-Pad1)")
  (net 37 +5V)
  (net 38 "Net-(C16-Pad2)")
  (net 39 "Net-(C17-Pad2)")
  (net 40 "Net-(F1-Pad1)")
  (net 41 "Net-(J2-Pad1)")
  (net 42 "Net-(J5-Pad2)")
  (net 43 "Net-(J5-Pad3)")
  (net 44 "Net-(J6-Pad2)")
  (net 45 "Net-(R1-Pad1)")
  (net 46 "Net-(U7-Pad9)")
  (net 47 "Net-(D3-Pad2)")
  (net 48 "Net-(Q6-Pad1)")
  (net 49 "Net-(F2-Pad1)")
  (net 50 "Net-(LED1-Pad1)")
  (net 51 "Net-(LED2-Pad1)")
  (net 52 "Net-(LED3-Pad1)")

  (net_class Default "This is the default net class."
    (clearance 0.2)
    (trace_width 0.25)
    (via_dia 0.8)
    (via_drill 0.4)
    (uvia_dia 0.3)
    (uvia_drill 0.1)
    (add_net +12V)
    (add_net +5V)
    (add_net /sense/PWMAH)
    (add_net /sense/PWMAL)
    (add_net /sense/PWMBH)
    (add_net /sense/PWMBL)
    (add_net /sense/Shunt)
    (add_net Controller_Temp)
    (add_net EndA)
    (add_net EndB)
    (add_net GND)
    (add_net MISO)
    (add_net MOSI)
    (add_net Motor_Temp)
    (add_net "Net-(C12-Pad1)")
    (add_net "Net-(C16-Pad2)")
    (add_net "Net-(C17-Pad2)")
    (add_net "Net-(C2-Pad1)")
    (add_net "Net-(C2-Pad2)")
    (add_net "Net-(C3-Pad1)")
    (add_net "Net-(C5-Pad1)")
    (add_net "Net-(C5-Pad2)")
    (add_net "Net-(C6-Pad1)")
    (add_net "Net-(C6-Pad2)")
    (add_net "Net-(D3-Pad2)")
    (add_net "Net-(F1-Pad1)")
    (add_net "Net-(F2-Pad1)")
    (add_net "Net-(J2-Pad1)")
    (add_net "Net-(J5-Pad2)")
    (add_net "Net-(J5-Pad3)")
    (add_net "Net-(J6-Pad2)")
    (add_net "Net-(LED1-Pad1)")
    (add_net "Net-(LED2-Pad1)")
    (add_net "Net-(LED3-Pad1)")
    (add_net "Net-(Q1-Pad1)")
    (add_net "Net-(Q2-Pad1)")
    (add_net "Net-(Q3-Pad1)")
    (add_net "Net-(Q4-Pad1)")
    (add_net "Net-(Q6-Pad1)")
    (add_net "Net-(R1-Pad1)")
    (add_net "Net-(R16-Pad2)")
    (add_net "Net-(R17-Pad2)")
    (add_net "Net-(R18-Pad2)")
    (add_net "Net-(R19-Pad2)")
    (add_net "Net-(R2-Pad2)")
    (add_net "Net-(U7-Pad9)")
    (add_net RESET)
    (add_net RX)
    (add_net Rudder)
    (add_net SCK)
    (add_net TX)
    (add_net Voltage)
  )

  (module Resistor_SMD:R_0805_2012Metric (layer F.Cu) (tedit 5B36C52B) (tstamp 5E9764D2)
    (at 58.8375 13.55)
    (descr "Resistor SMD 0805 (2012 Metric), square (rectangular) end terminal, IPC_7351 nominal, (Body size source: https://docs.google.com/spreadsheets/d/1BsfQQcO9C6DZCsRaXUlFlo91Tg2WpOkGARC1WS5S8t0/edit?usp=sharing), generated with kicad-footprint-generator")
    (tags resistor)
    (path /59D8755C/5E96B27B)
    (attr smd)
    (fp_text reference R4 (at 0 -1.65) (layer F.SilkS)
      (effects (font (size 1 1) (thickness 0.15)))
    )
    (fp_text value 10k (at 0 1.65) (layer F.Fab)
      (effects (font (size 1 1) (thickness 0.15)))
    )
    (fp_line (start -1 0.6) (end -1 -0.6) (layer F.Fab) (width 0.1))
    (fp_line (start -1 -0.6) (end 1 -0.6) (layer F.Fab) (width 0.1))
    (fp_line (start 1 -0.6) (end 1 0.6) (layer F.Fab) (width 0.1))
    (fp_line (start 1 0.6) (end -1 0.6) (layer F.Fab) (width 0.1))
    (fp_line (start -0.258578 -0.71) (end 0.258578 -0.71) (layer F.SilkS) (width 0.12))
    (fp_line (start -0.258578 0.71) (end 0.258578 0.71) (layer F.SilkS) (width 0.12))
    (fp_line (start -1.68 0.95) (end -1.68 -0.95) (layer F.CrtYd) (width 0.05))
    (fp_line (start -1.68 -0.95) (end 1.68 -0.95) (layer F.CrtYd) (width 0.05))
    (fp_line (start 1.68 -0.95) (end 1.68 0.95) (layer F.CrtYd) (width 0.05))
    (fp_line (start 1.68 0.95) (end -1.68 0.95) (layer F.CrtYd) (width 0.05))
    (fp_text user %R (at 0 0) (layer F.Fab)
      (effects (font (size 0.5 0.5) (thickness 0.08)))
    )
    (pad 1 smd roundrect (at -0.9375 0) (size 0.975 1.4) (layers F.Cu F.Paste F.Mask) (roundrect_rratio 0.25)
      (net 4 +12V))
    (pad 2 smd roundrect (at 0.9375 0) (size 0.975 1.4) (layers F.Cu F.Paste F.Mask) (roundrect_rratio 0.25)
      (net 32 Voltage))
    (model ${KISYS3DMOD}/Resistor_SMD.3dshapes/R_0805_2012Metric.wrl
      (at (xyz 0 0 0))
      (scale (xyz 1 1 1))
      (rotate (xyz 0 0 0))
    )
  )

  (module Connector_PinHeader_2.54mm:PinHeader_2x03_P2.54mm_Vertical_SMD (layer F.Cu) (tedit 5E8CCD6D) (tstamp 5E977ACB)
    (at 68.125 32.11)
    (descr "surface-mounted straight pin header, 2x03, 2.54mm pitch, double rows")
    (tags "Surface mounted pin header SMD 2x03 2.54mm double row")
    (path /59D8755C/5D605E2F)
    (attr smd)
    (fp_text reference J9 (at -2.125 1.54) (layer F.SilkS)
      (effects (font (size 1 1) (thickness 0.15)))
    )
    (fp_text value ISP (at 0 4.87) (layer F.Fab)
      (effects (font (size 1 1) (thickness 0.15)))
    )
    (fp_line (start -1.27 -3.81) (end 3.81 -3.81) (layer F.Fab) (width 0.1))
    (fp_line (start -1.27 3.81) (end 3.81 3.81) (layer F.SilkS) (width 0.12))
    (fp_line (start -1.27 -3.81) (end -1.27 3.81) (layer F.CrtYd) (width 0.05))
    (fp_line (start -1.27 3.81) (end 3.81 3.81) (layer F.CrtYd) (width 0.05))
    (fp_line (start 3.81 3.81) (end 3.81 -3.81) (layer F.CrtYd) (width 0.05))
    (fp_line (start 3.81 -3.81) (end -1.27 -3.81) (layer F.CrtYd) (width 0.05))
    (fp_text user %R (at 0 0 90) (layer F.Fab)
      (effects (font (size 1 1) (thickness 0.15)))
    )
    (pad 1 smd roundrect (at 0 -2.54) (size 1.5 1.5) (layers F.Cu F.Paste F.Mask) (roundrect_rratio 0.25)
      (net 9 MISO))
    (pad 4 smd roundrect (at 2.525 -2.54) (size 1.5 1.5) (layers F.Cu F.Paste F.Mask) (roundrect_rratio 0.25)
      (net 37 +5V))
    (pad 2 smd roundrect (at 0 0) (size 1.5 1.5) (layers F.Cu F.Paste F.Mask) (roundrect_rratio 0.25)
      (net 10 SCK))
    (pad 5 smd roundrect (at 2.525 0) (size 1.5 1.5) (layers F.Cu F.Paste F.Mask) (roundrect_rratio 0.25)
      (net 12 MOSI))
    (pad 3 smd roundrect (at 0 2.54) (size 1.5 1.5) (layers F.Cu F.Paste F.Mask) (roundrect_rratio 0.25)
      (net 11 RESET))
    (pad 6 smd roundrect (at 2.525 2.54) (size 1.5 1.5) (layers F.Cu F.Paste F.Mask) (roundrect_rratio 0.25)
      (net 1 GND))
    (model ${KISYS3DMOD}/Connector_PinHeader_2.54mm.3dshapes/PinHeader_2x03_P2.54mm_Vertical_SMD.wrl
      (at (xyz 0 0 0))
      (scale (xyz 1 1 1))
      (rotate (xyz 0 0 0))
    )
  )

  (module Capacitor_SMD:C_0805_2012Metric (layer F.Cu) (tedit 5B36C52B) (tstamp 5E977AFB)
    (at 72.05 21.6875 270)
    (descr "Capacitor SMD 0805 (2012 Metric), square (rectangular) end terminal, IPC_7351 nominal, (Body size source: https://docs.google.com/spreadsheets/d/1BsfQQcO9C6DZCsRaXUlFlo91Tg2WpOkGARC1WS5S8t0/edit?usp=sharing), generated with kicad-footprint-generator")
    (tags capacitor)
    (path /59D8755C/5E2E5BE4)
    (attr smd)
    (fp_text reference C16 (at -0.0875 -0.1 180) (layer F.SilkS)
      (effects (font (size 1 1) (thickness 0.15)))
    )
    (fp_text value 18pF (at 0 1.65 90) (layer F.Fab)
      (effects (font (size 1 1) (thickness 0.15)))
    )
    (fp_text user %R (at 0 0 90) (layer F.Fab)
      (effects (font (size 0.5 0.5) (thickness 0.08)))
    )
    (fp_line (start 1.68 0.95) (end -1.68 0.95) (layer F.CrtYd) (width 0.05))
    (fp_line (start 1.68 -0.95) (end 1.68 0.95) (layer F.CrtYd) (width 0.05))
    (fp_line (start -1.68 -0.95) (end 1.68 -0.95) (layer F.CrtYd) (width 0.05))
    (fp_line (start -1.68 0.95) (end -1.68 -0.95) (layer F.CrtYd) (width 0.05))
    (fp_line (start -0.258578 0.71) (end 0.258578 0.71) (layer F.SilkS) (width 0.12))
    (fp_line (start -0.258578 -0.71) (end 0.258578 -0.71) (layer F.SilkS) (width 0.12))
    (fp_line (start 1 0.6) (end -1 0.6) (layer F.Fab) (width 0.1))
    (fp_line (start 1 -0.6) (end 1 0.6) (layer F.Fab) (width 0.1))
    (fp_line (start -1 -0.6) (end 1 -0.6) (layer F.Fab) (width 0.1))
    (fp_line (start -1 0.6) (end -1 -0.6) (layer F.Fab) (width 0.1))
    (pad 2 smd roundrect (at 0.9375 0 270) (size 0.975 1.4) (layers F.Cu F.Paste F.Mask) (roundrect_rratio 0.25)
      (net 38 "Net-(C16-Pad2)"))
    (pad 1 smd roundrect (at -0.9375 0 270) (size 0.975 1.4) (layers F.Cu F.Paste F.Mask) (roundrect_rratio 0.25)
      (net 1 GND))
    (model ${KISYS3DMOD}/Capacitor_SMD.3dshapes/C_0805_2012Metric.wrl
      (at (xyz 0 0 0))
      (scale (xyz 1 1 1))
      (rotate (xyz 0 0 0))
    )
  )

  (module Capacitor_SMD:C_0805_2012Metric (layer F.Cu) (tedit 5B36C52B) (tstamp 5E977B2B)
    (at 56.25 44.8875 90)
    (descr "Capacitor SMD 0805 (2012 Metric), square (rectangular) end terminal, IPC_7351 nominal, (Body size source: https://docs.google.com/spreadsheets/d/1BsfQQcO9C6DZCsRaXUlFlo91Tg2WpOkGARC1WS5S8t0/edit?usp=sharing), generated with kicad-footprint-generator")
    (tags capacitor)
    (path /59D8755C/5B2D4F61)
    (attr smd)
    (fp_text reference C1 (at 2.5375 0 90) (layer F.SilkS)
      (effects (font (size 1 1) (thickness 0.15)))
    )
    (fp_text value .1uF (at 0 1.65 90) (layer F.Fab)
      (effects (font (size 1 1) (thickness 0.15)))
    )
    (fp_line (start -1 0.6) (end -1 -0.6) (layer F.Fab) (width 0.1))
    (fp_line (start -1 -0.6) (end 1 -0.6) (layer F.Fab) (width 0.1))
    (fp_line (start 1 -0.6) (end 1 0.6) (layer F.Fab) (width 0.1))
    (fp_line (start 1 0.6) (end -1 0.6) (layer F.Fab) (width 0.1))
    (fp_line (start -0.258578 -0.71) (end 0.258578 -0.71) (layer F.SilkS) (width 0.12))
    (fp_line (start -0.258578 0.71) (end 0.258578 0.71) (layer F.SilkS) (width 0.12))
    (fp_line (start -1.68 0.95) (end -1.68 -0.95) (layer F.CrtYd) (width 0.05))
    (fp_line (start -1.68 -0.95) (end 1.68 -0.95) (layer F.CrtYd) (width 0.05))
    (fp_line (start 1.68 -0.95) (end 1.68 0.95) (layer F.CrtYd) (width 0.05))
    (fp_line (start 1.68 0.95) (end -1.68 0.95) (layer F.CrtYd) (width 0.05))
    (fp_text user %R (at 0 0 90) (layer F.Fab)
      (effects (font (size 0.5 0.5) (thickness 0.08)))
    )
    (pad 1 smd roundrect (at -0.9375 0 90) (size 0.975 1.4) (layers F.Cu F.Paste F.Mask) (roundrect_rratio 0.25)
      (net 37 +5V))
    (pad 2 smd roundrect (at 0.9375 0 90) (size 0.975 1.4) (layers F.Cu F.Paste F.Mask) (roundrect_rratio 0.25)
      (net 1 GND))
    (model ${KISYS3DMOD}/Capacitor_SMD.3dshapes/C_0805_2012Metric.wrl
      (at (xyz 0 0 0))
      (scale (xyz 1 1 1))
      (rotate (xyz 0 0 0))
    )
  )

  (module Capacitor_SMD:C_0805_2012Metric (layer F.Cu) (tedit 5B36C52B) (tstamp 5E977B8B)
    (at 68.15 46.05 270)
    (descr "Capacitor SMD 0805 (2012 Metric), square (rectangular) end terminal, IPC_7351 nominal, (Body size source: https://docs.google.com/spreadsheets/d/1BsfQQcO9C6DZCsRaXUlFlo91Tg2WpOkGARC1WS5S8t0/edit?usp=sharing), generated with kicad-footprint-generator")
    (tags capacitor)
    (path /59D8755C/5B2D8EFB)
    (attr smd)
    (fp_text reference C2 (at 2.5375 0 180) (layer F.SilkS)
      (effects (font (size 1 1) (thickness 0.15)))
    )
    (fp_text value .1uF (at 0 1.65 90) (layer F.Fab)
      (effects (font (size 1 1) (thickness 0.15)))
    )
    (fp_line (start -1 0.6) (end -1 -0.6) (layer F.Fab) (width 0.1))
    (fp_line (start -1 -0.6) (end 1 -0.6) (layer F.Fab) (width 0.1))
    (fp_line (start 1 -0.6) (end 1 0.6) (layer F.Fab) (width 0.1))
    (fp_line (start 1 0.6) (end -1 0.6) (layer F.Fab) (width 0.1))
    (fp_line (start -0.258578 -0.71) (end 0.258578 -0.71) (layer F.SilkS) (width 0.12))
    (fp_line (start -0.258578 0.71) (end 0.258578 0.71) (layer F.SilkS) (width 0.12))
    (fp_line (start -1.68 0.95) (end -1.68 -0.95) (layer F.CrtYd) (width 0.05))
    (fp_line (start -1.68 -0.95) (end 1.68 -0.95) (layer F.CrtYd) (width 0.05))
    (fp_line (start 1.68 -0.95) (end 1.68 0.95) (layer F.CrtYd) (width 0.05))
    (fp_line (start 1.68 0.95) (end -1.68 0.95) (layer F.CrtYd) (width 0.05))
    (fp_text user %R (at 0 0 90) (layer F.Fab)
      (effects (font (size 0.5 0.5) (thickness 0.08)))
    )
    (pad 1 smd roundrect (at -0.9375 0 270) (size 0.975 1.4) (layers F.Cu F.Paste F.Mask) (roundrect_rratio 0.25)
      (net 3 "Net-(C2-Pad1)"))
    (pad 2 smd roundrect (at 0.9375 0 270) (size 0.975 1.4) (layers F.Cu F.Paste F.Mask) (roundrect_rratio 0.25)
      (net 2 "Net-(C2-Pad2)"))
    (model ${KISYS3DMOD}/Capacitor_SMD.3dshapes/C_0805_2012Metric.wrl
      (at (xyz 0 0 0))
      (scale (xyz 1 1 1))
      (rotate (xyz 0 0 0))
    )
  )

  (module Capacitor_SMD:C_0805_2012Metric (layer F.Cu) (tedit 5B36C52B) (tstamp 5E977B5B)
    (at 55.3 23.1125 270)
    (descr "Capacitor SMD 0805 (2012 Metric), square (rectangular) end terminal, IPC_7351 nominal, (Body size source: https://docs.google.com/spreadsheets/d/1BsfQQcO9C6DZCsRaXUlFlo91Tg2WpOkGARC1WS5S8t0/edit?usp=sharing), generated with kicad-footprint-generator")
    (tags capacitor)
    (path /59D8755C/5D603EDA)
    (attr smd)
    (fp_text reference C3 (at 0.8375 1.65 90) (layer F.SilkS)
      (effects (font (size 1 1) (thickness 0.15)))
    )
    (fp_text value .1uF (at 0 1.65 90) (layer F.Fab)
      (effects (font (size 1 1) (thickness 0.15)))
    )
    (fp_text user %R (at 0 0 90) (layer F.Fab)
      (effects (font (size 0.5 0.5) (thickness 0.08)))
    )
    (fp_line (start 1.68 0.95) (end -1.68 0.95) (layer F.CrtYd) (width 0.05))
    (fp_line (start 1.68 -0.95) (end 1.68 0.95) (layer F.CrtYd) (width 0.05))
    (fp_line (start -1.68 -0.95) (end 1.68 -0.95) (layer F.CrtYd) (width 0.05))
    (fp_line (start -1.68 0.95) (end -1.68 -0.95) (layer F.CrtYd) (width 0.05))
    (fp_line (start -0.258578 0.71) (end 0.258578 0.71) (layer F.SilkS) (width 0.12))
    (fp_line (start -0.258578 -0.71) (end 0.258578 -0.71) (layer F.SilkS) (width 0.12))
    (fp_line (start 1 0.6) (end -1 0.6) (layer F.Fab) (width 0.1))
    (fp_line (start 1 -0.6) (end 1 0.6) (layer F.Fab) (width 0.1))
    (fp_line (start -1 -0.6) (end 1 -0.6) (layer F.Fab) (width 0.1))
    (fp_line (start -1 0.6) (end -1 -0.6) (layer F.Fab) (width 0.1))
    (pad 2 smd roundrect (at 0.9375 0 270) (size 0.975 1.4) (layers F.Cu F.Paste F.Mask) (roundrect_rratio 0.25)
      (net 1 GND))
    (pad 1 smd roundrect (at -0.9375 0 270) (size 0.975 1.4) (layers F.Cu F.Paste F.Mask) (roundrect_rratio 0.25)
      (net 35 "Net-(C3-Pad1)"))
    (model ${KISYS3DMOD}/Capacitor_SMD.3dshapes/C_0805_2012Metric.wrl
      (at (xyz 0 0 0))
      (scale (xyz 1 1 1))
      (rotate (xyz 0 0 0))
    )
  )

  (module Capacitor_SMD:C_1206_3216Metric (layer F.Cu) (tedit 5B301BBE) (tstamp 5E977BBB)
    (at 29.15 2.95 180)
    (descr "Capacitor SMD 1206 (3216 Metric), square (rectangular) end terminal, IPC_7351 nominal, (Body size source: http://www.tortai-tech.com/upload/download/2011102023233369053.pdf), generated with kicad-footprint-generator")
    (tags capacitor)
    (path /59D8755C/5D651402)
    (attr smd)
    (fp_text reference C4 (at -0.7 -1.9) (layer F.SilkS)
      (effects (font (size 1 1) (thickness 0.15)))
    )
    (fp_text value .1uF (at 0 1.82) (layer F.Fab)
      (effects (font (size 1 1) (thickness 0.15)))
    )
    (fp_line (start -1.6 0.8) (end -1.6 -0.8) (layer F.Fab) (width 0.1))
    (fp_line (start -1.6 -0.8) (end 1.6 -0.8) (layer F.Fab) (width 0.1))
    (fp_line (start 1.6 -0.8) (end 1.6 0.8) (layer F.Fab) (width 0.1))
    (fp_line (start 1.6 0.8) (end -1.6 0.8) (layer F.Fab) (width 0.1))
    (fp_line (start -0.602064 -0.91) (end 0.602064 -0.91) (layer F.SilkS) (width 0.12))
    (fp_line (start -0.602064 0.91) (end 0.602064 0.91) (layer F.SilkS) (width 0.12))
    (fp_line (start -2.28 1.12) (end -2.28 -1.12) (layer F.CrtYd) (width 0.05))
    (fp_line (start -2.28 -1.12) (end 2.28 -1.12) (layer F.CrtYd) (width 0.05))
    (fp_line (start 2.28 -1.12) (end 2.28 1.12) (layer F.CrtYd) (width 0.05))
    (fp_line (start 2.28 1.12) (end -2.28 1.12) (layer F.CrtYd) (width 0.05))
    (fp_text user %R (at 0 0) (layer F.Fab)
      (effects (font (size 0.8 0.8) (thickness 0.12)))
    )
    (pad 1 smd roundrect (at -1.4 0 180) (size 1.25 1.75) (layers F.Cu F.Paste F.Mask) (roundrect_rratio 0.2)
      (net 4 +12V))
    (pad 2 smd roundrect (at 1.4 0 180) (size 1.25 1.75) (layers F.Cu F.Paste F.Mask) (roundrect_rratio 0.2)
      (net 1 GND))
    (model ${KISYS3DMOD}/Capacitor_SMD.3dshapes/C_1206_3216Metric.wrl
      (at (xyz 0 0 0))
      (scale (xyz 1 1 1))
      (rotate (xyz 0 0 0))
    )
  )

  (module Capacitor_SMD:C_0805_2012Metric (layer F.Cu) (tedit 5B36C52B) (tstamp 5E976517)
    (at 40.4 8.4375 270)
    (descr "Capacitor SMD 0805 (2012 Metric), square (rectangular) end terminal, IPC_7351 nominal, (Body size source: https://docs.google.com/spreadsheets/d/1BsfQQcO9C6DZCsRaXUlFlo91Tg2WpOkGARC1WS5S8t0/edit?usp=sharing), generated with kicad-footprint-generator")
    (tags capacitor)
    (path /5A93274F)
    (attr smd)
    (fp_text reference C5 (at -2.6875 -0.35 90) (layer F.SilkS)
      (effects (font (size 1 1) (thickness 0.15)))
    )
    (fp_text value 1uF (at 0 1.65 90) (layer F.Fab)
      (effects (font (size 1 1) (thickness 0.15)))
    )
    (fp_line (start -1 0.6) (end -1 -0.6) (layer F.Fab) (width 0.1))
    (fp_line (start -1 -0.6) (end 1 -0.6) (layer F.Fab) (width 0.1))
    (fp_line (start 1 -0.6) (end 1 0.6) (layer F.Fab) (width 0.1))
    (fp_line (start 1 0.6) (end -1 0.6) (layer F.Fab) (width 0.1))
    (fp_line (start -0.258578 -0.71) (end 0.258578 -0.71) (layer F.SilkS) (width 0.12))
    (fp_line (start -0.258578 0.71) (end 0.258578 0.71) (layer F.SilkS) (width 0.12))
    (fp_line (start -1.68 0.95) (end -1.68 -0.95) (layer F.CrtYd) (width 0.05))
    (fp_line (start -1.68 -0.95) (end 1.68 -0.95) (layer F.CrtYd) (width 0.05))
    (fp_line (start 1.68 -0.95) (end 1.68 0.95) (layer F.CrtYd) (width 0.05))
    (fp_line (start 1.68 0.95) (end -1.68 0.95) (layer F.CrtYd) (width 0.05))
    (fp_text user %R (at 0 0 90) (layer F.Fab)
      (effects (font (size 0.5 0.5) (thickness 0.08)))
    )
    (pad 1 smd roundrect (at -0.9375 0 270) (size 0.975 1.4) (layers F.Cu F.Paste F.Mask) (roundrect_rratio 0.25)
      (net 6 "Net-(C5-Pad1)"))
    (pad 2 smd roundrect (at 0.9375 0 270) (size 0.975 1.4) (layers F.Cu F.Paste F.Mask) (roundrect_rratio 0.25)
      (net 27 "Net-(C5-Pad2)"))
    (model ${KISYS3DMOD}/Capacitor_SMD.3dshapes/C_0805_2012Metric.wrl
      (at (xyz 0 0 0))
      (scale (xyz 1 1 1))
      (rotate (xyz 0 0 0))
    )
  )

  (module Capacitor_SMD:C_0805_2012Metric (layer F.Cu) (tedit 5B36C52B) (tstamp 5E9761C9)
    (at 51.4 8.4375 270)
    (descr "Capacitor SMD 0805 (2012 Metric), square (rectangular) end terminal, IPC_7351 nominal, (Body size source: https://docs.google.com/spreadsheets/d/1BsfQQcO9C6DZCsRaXUlFlo91Tg2WpOkGARC1WS5S8t0/edit?usp=sharing), generated with kicad-footprint-generator")
    (tags capacitor)
    (path /5A92BC82)
    (attr smd)
    (fp_text reference C6 (at 0 -1.65 90) (layer F.SilkS)
      (effects (font (size 1 1) (thickness 0.15)))
    )
    (fp_text value 1uF (at 0 1.65 90) (layer F.Fab)
      (effects (font (size 1 1) (thickness 0.15)))
    )
    (fp_line (start -1 0.6) (end -1 -0.6) (layer F.Fab) (width 0.1))
    (fp_line (start -1 -0.6) (end 1 -0.6) (layer F.Fab) (width 0.1))
    (fp_line (start 1 -0.6) (end 1 0.6) (layer F.Fab) (width 0.1))
    (fp_line (start 1 0.6) (end -1 0.6) (layer F.Fab) (width 0.1))
    (fp_line (start -0.258578 -0.71) (end 0.258578 -0.71) (layer F.SilkS) (width 0.12))
    (fp_line (start -0.258578 0.71) (end 0.258578 0.71) (layer F.SilkS) (width 0.12))
    (fp_line (start -1.68 0.95) (end -1.68 -0.95) (layer F.CrtYd) (width 0.05))
    (fp_line (start -1.68 -0.95) (end 1.68 -0.95) (layer F.CrtYd) (width 0.05))
    (fp_line (start 1.68 -0.95) (end 1.68 0.95) (layer F.CrtYd) (width 0.05))
    (fp_line (start 1.68 0.95) (end -1.68 0.95) (layer F.CrtYd) (width 0.05))
    (fp_text user %R (at 0 0 90) (layer F.Fab)
      (effects (font (size 0.5 0.5) (thickness 0.08)))
    )
    (pad 1 smd roundrect (at -0.9375 0 270) (size 0.975 1.4) (layers F.Cu F.Paste F.Mask) (roundrect_rratio 0.25)
      (net 5 "Net-(C6-Pad1)"))
    (pad 2 smd roundrect (at 0.9375 0 270) (size 0.975 1.4) (layers F.Cu F.Paste F.Mask) (roundrect_rratio 0.25)
      (net 28 "Net-(C6-Pad2)"))
    (model ${KISYS3DMOD}/Capacitor_SMD.3dshapes/C_0805_2012Metric.wrl
      (at (xyz 0 0 0))
      (scale (xyz 1 1 1))
      (rotate (xyz 0 0 0))
    )
  )

  (module Capacitor_SMD:C_1206_3216Metric (layer F.Cu) (tedit 5B301BBE) (tstamp 5E976229)
    (at 39.7 24.8 270)
    (descr "Capacitor SMD 1206 (3216 Metric), square (rectangular) end terminal, IPC_7351 nominal, (Body size source: http://www.tortai-tech.com/upload/download/2011102023233369053.pdf), generated with kicad-footprint-generator")
    (tags capacitor)
    (path /5A95406C)
    (attr smd)
    (fp_text reference C7 (at -3.65 0.25 90) (layer F.SilkS)
      (effects (font (size 1 1) (thickness 0.15)))
    )
    (fp_text value 4.7uF (at 0 1.82 90) (layer F.Fab)
      (effects (font (size 1 1) (thickness 0.15)))
    )
    (fp_text user %R (at 0 0 90) (layer F.Fab)
      (effects (font (size 0.8 0.8) (thickness 0.12)))
    )
    (fp_line (start 2.28 1.12) (end -2.28 1.12) (layer F.CrtYd) (width 0.05))
    (fp_line (start 2.28 -1.12) (end 2.28 1.12) (layer F.CrtYd) (width 0.05))
    (fp_line (start -2.28 -1.12) (end 2.28 -1.12) (layer F.CrtYd) (width 0.05))
    (fp_line (start -2.28 1.12) (end -2.28 -1.12) (layer F.CrtYd) (width 0.05))
    (fp_line (start -0.602064 0.91) (end 0.602064 0.91) (layer F.SilkS) (width 0.12))
    (fp_line (start -0.602064 -0.91) (end 0.602064 -0.91) (layer F.SilkS) (width 0.12))
    (fp_line (start 1.6 0.8) (end -1.6 0.8) (layer F.Fab) (width 0.1))
    (fp_line (start 1.6 -0.8) (end 1.6 0.8) (layer F.Fab) (width 0.1))
    (fp_line (start -1.6 -0.8) (end 1.6 -0.8) (layer F.Fab) (width 0.1))
    (fp_line (start -1.6 0.8) (end -1.6 -0.8) (layer F.Fab) (width 0.1))
    (pad 2 smd roundrect (at 1.4 0 270) (size 1.25 1.75) (layers F.Cu F.Paste F.Mask) (roundrect_rratio 0.2)
      (net 13 /sense/Shunt))
    (pad 1 smd roundrect (at -1.4 0 270) (size 1.25 1.75) (layers F.Cu F.Paste F.Mask) (roundrect_rratio 0.2)
      (net 4 +12V))
    (model ${KISYS3DMOD}/Capacitor_SMD.3dshapes/C_1206_3216Metric.wrl
      (at (xyz 0 0 0))
      (scale (xyz 1 1 1))
      (rotate (xyz 0 0 0))
    )
  )

  (module Capacitor_SMD:C_1206_3216Metric (layer F.Cu) (tedit 5B301BBE) (tstamp 5E97655C)
    (at 37.35 24.825 270)
    (descr "Capacitor SMD 1206 (3216 Metric), square (rectangular) end terminal, IPC_7351 nominal, (Body size source: http://www.tortai-tech.com/upload/download/2011102023233369053.pdf), generated with kicad-footprint-generator")
    (tags capacitor)
    (path /5B2EF3C0)
    (attr smd)
    (fp_text reference C8 (at -3.65 0 90) (layer F.SilkS)
      (effects (font (size 1 1) (thickness 0.15)))
    )
    (fp_text value 4.7uF (at 0 1.82 90) (layer F.Fab)
      (effects (font (size 1 1) (thickness 0.15)))
    )
    (fp_line (start -1.6 0.8) (end -1.6 -0.8) (layer F.Fab) (width 0.1))
    (fp_line (start -1.6 -0.8) (end 1.6 -0.8) (layer F.Fab) (width 0.1))
    (fp_line (start 1.6 -0.8) (end 1.6 0.8) (layer F.Fab) (width 0.1))
    (fp_line (start 1.6 0.8) (end -1.6 0.8) (layer F.Fab) (width 0.1))
    (fp_line (start -0.602064 -0.91) (end 0.602064 -0.91) (layer F.SilkS) (width 0.12))
    (fp_line (start -0.602064 0.91) (end 0.602064 0.91) (layer F.SilkS) (width 0.12))
    (fp_line (start -2.28 1.12) (end -2.28 -1.12) (layer F.CrtYd) (width 0.05))
    (fp_line (start -2.28 -1.12) (end 2.28 -1.12) (layer F.CrtYd) (width 0.05))
    (fp_line (start 2.28 -1.12) (end 2.28 1.12) (layer F.CrtYd) (width 0.05))
    (fp_line (start 2.28 1.12) (end -2.28 1.12) (layer F.CrtYd) (width 0.05))
    (fp_text user %R (at 0 0 90) (layer F.Fab)
      (effects (font (size 0.8 0.8) (thickness 0.12)))
    )
    (pad 1 smd roundrect (at -1.4 0 270) (size 1.25 1.75) (layers F.Cu F.Paste F.Mask) (roundrect_rratio 0.2)
      (net 4 +12V))
    (pad 2 smd roundrect (at 1.4 0 270) (size 1.25 1.75) (layers F.Cu F.Paste F.Mask) (roundrect_rratio 0.2)
      (net 13 /sense/Shunt))
    (model ${KISYS3DMOD}/Capacitor_SMD.3dshapes/C_1206_3216Metric.wrl
      (at (xyz 0 0 0))
      (scale (xyz 1 1 1))
      (rotate (xyz 0 0 0))
    )
  )

  (module Capacitor_THT:CP_Radial_D10.0mm_P5.00mm (layer F.Cu) (tedit 5AE50EF1) (tstamp 5E976314)
    (at 9.95 20.15 45)
    (descr "CP, Radial series, Radial, pin pitch=5.00mm, , diameter=10mm, Electrolytic Capacitor")
    (tags "CP Radial series Radial pin pitch 5.00mm  diameter 10mm Electrolytic Capacitor")
    (path /5A9DC496)
    (fp_text reference C9 (at 0.5 -2.5 45) (layer F.SilkS)
      (effects (font (size 1 1) (thickness 0.15)))
    )
    (fp_text value 330uF (at 2.5 6.25 45) (layer F.Fab)
      (effects (font (size 1 1) (thickness 0.15)))
    )
    (fp_text user %R (at 2.5 0 45) (layer F.Fab)
      (effects (font (size 1 1) (thickness 0.15)))
    )
    (fp_line (start -2.479646 -3.375) (end -2.479646 -2.375) (layer F.SilkS) (width 0.12))
    (fp_line (start -2.979646 -2.875) (end -1.979646 -2.875) (layer F.SilkS) (width 0.12))
    (fp_line (start 7.581 -0.599) (end 7.581 0.599) (layer F.SilkS) (width 0.12))
    (fp_line (start 7.541 -0.862) (end 7.541 0.862) (layer F.SilkS) (width 0.12))
    (fp_line (start 7.501 -1.062) (end 7.501 1.062) (layer F.SilkS) (width 0.12))
    (fp_line (start 7.461 -1.23) (end 7.461 1.23) (layer F.SilkS) (width 0.12))
    (fp_line (start 7.421 -1.378) (end 7.421 1.378) (layer F.SilkS) (width 0.12))
    (fp_line (start 7.381 -1.51) (end 7.381 1.51) (layer F.SilkS) (width 0.12))
    (fp_line (start 7.341 -1.63) (end 7.341 1.63) (layer F.SilkS) (width 0.12))
    (fp_line (start 7.301 -1.742) (end 7.301 1.742) (layer F.SilkS) (width 0.12))
    (fp_line (start 7.261 -1.846) (end 7.261 1.846) (layer F.SilkS) (width 0.12))
    (fp_line (start 7.221 -1.944) (end 7.221 1.944) (layer F.SilkS) (width 0.12))
    (fp_line (start 7.181 -2.037) (end 7.181 2.037) (layer F.SilkS) (width 0.12))
    (fp_line (start 7.141 -2.125) (end 7.141 2.125) (layer F.SilkS) (width 0.12))
    (fp_line (start 7.101 -2.209) (end 7.101 2.209) (layer F.SilkS) (width 0.12))
    (fp_line (start 7.061 -2.289) (end 7.061 2.289) (layer F.SilkS) (width 0.12))
    (fp_line (start 7.021 -2.365) (end 7.021 2.365) (layer F.SilkS) (width 0.12))
    (fp_line (start 6.981 -2.439) (end 6.981 2.439) (layer F.SilkS) (width 0.12))
    (fp_line (start 6.941 -2.51) (end 6.941 2.51) (layer F.SilkS) (width 0.12))
    (fp_line (start 6.901 -2.579) (end 6.901 2.579) (layer F.SilkS) (width 0.12))
    (fp_line (start 6.861 -2.645) (end 6.861 2.645) (layer F.SilkS) (width 0.12))
    (fp_line (start 6.821 -2.709) (end 6.821 2.709) (layer F.SilkS) (width 0.12))
    (fp_line (start 6.781 -2.77) (end 6.781 2.77) (layer F.SilkS) (width 0.12))
    (fp_line (start 6.741 -2.83) (end 6.741 2.83) (layer F.SilkS) (width 0.12))
    (fp_line (start 6.701 -2.889) (end 6.701 2.889) (layer F.SilkS) (width 0.12))
    (fp_line (start 6.661 -2.945) (end 6.661 2.945) (layer F.SilkS) (width 0.12))
    (fp_line (start 6.621 -3) (end 6.621 3) (layer F.SilkS) (width 0.12))
    (fp_line (start 6.581 -3.054) (end 6.581 3.054) (layer F.SilkS) (width 0.12))
    (fp_line (start 6.541 -3.106) (end 6.541 3.106) (layer F.SilkS) (width 0.12))
    (fp_line (start 6.501 -3.156) (end 6.501 3.156) (layer F.SilkS) (width 0.12))
    (fp_line (start 6.461 -3.206) (end 6.461 3.206) (layer F.SilkS) (width 0.12))
    (fp_line (start 6.421 -3.254) (end 6.421 3.254) (layer F.SilkS) (width 0.12))
    (fp_line (start 6.381 -3.301) (end 6.381 3.301) (layer F.SilkS) (width 0.12))
    (fp_line (start 6.341 -3.347) (end 6.341 3.347) (layer F.SilkS) (width 0.12))
    (fp_line (start 6.301 -3.392) (end 6.301 3.392) (layer F.SilkS) (width 0.12))
    (fp_line (start 6.261 -3.436) (end 6.261 3.436) (layer F.SilkS) (width 0.12))
    (fp_line (start 6.221 1.241) (end 6.221 3.478) (layer F.SilkS) (width 0.12))
    (fp_line (start 6.221 -3.478) (end 6.221 -1.241) (layer F.SilkS) (width 0.12))
    (fp_line (start 6.181 1.241) (end 6.181 3.52) (layer F.SilkS) (width 0.12))
    (fp_line (start 6.181 -3.52) (end 6.181 -1.241) (layer F.SilkS) (width 0.12))
    (fp_line (start 6.141 1.241) (end 6.141 3.561) (layer F.SilkS) (width 0.12))
    (fp_line (start 6.141 -3.561) (end 6.141 -1.241) (layer F.SilkS) (width 0.12))
    (fp_line (start 6.101 1.241) (end 6.101 3.601) (layer F.SilkS) (width 0.12))
    (fp_line (start 6.101 -3.601) (end 6.101 -1.241) (layer F.SilkS) (width 0.12))
    (fp_line (start 6.061 1.241) (end 6.061 3.64) (layer F.SilkS) (width 0.12))
    (fp_line (start 6.061 -3.64) (end 6.061 -1.241) (layer F.SilkS) (width 0.12))
    (fp_line (start 6.021 1.241) (end 6.021 3.679) (layer F.SilkS) (width 0.12))
    (fp_line (start 6.021 -3.679) (end 6.021 -1.241) (layer F.SilkS) (width 0.12))
    (fp_line (start 5.981 1.241) (end 5.981 3.716) (layer F.SilkS) (width 0.12))
    (fp_line (start 5.981 -3.716) (end 5.981 -1.241) (layer F.SilkS) (width 0.12))
    (fp_line (start 5.941 1.241) (end 5.941 3.753) (layer F.SilkS) (width 0.12))
    (fp_line (start 5.941 -3.753) (end 5.941 -1.241) (layer F.SilkS) (width 0.12))
    (fp_line (start 5.901 1.241) (end 5.901 3.789) (layer F.SilkS) (width 0.12))
    (fp_line (start 5.901 -3.789) (end 5.901 -1.241) (layer F.SilkS) (width 0.12))
    (fp_line (start 5.861 1.241) (end 5.861 3.824) (layer F.SilkS) (width 0.12))
    (fp_line (start 5.861 -3.824) (end 5.861 -1.241) (layer F.SilkS) (width 0.12))
    (fp_line (start 5.821 1.241) (end 5.821 3.858) (layer F.SilkS) (width 0.12))
    (fp_line (start 5.821 -3.858) (end 5.821 -1.241) (layer F.SilkS) (width 0.12))
    (fp_line (start 5.781 1.241) (end 5.781 3.892) (layer F.SilkS) (width 0.12))
    (fp_line (start 5.781 -3.892) (end 5.781 -1.241) (layer F.SilkS) (width 0.12))
    (fp_line (start 5.741 1.241) (end 5.741 3.925) (layer F.SilkS) (width 0.12))
    (fp_line (start 5.741 -3.925) (end 5.741 -1.241) (layer F.SilkS) (width 0.12))
    (fp_line (start 5.701 1.241) (end 5.701 3.957) (layer F.SilkS) (width 0.12))
    (fp_line (start 5.701 -3.957) (end 5.701 -1.241) (layer F.SilkS) (width 0.12))
    (fp_line (start 5.661 1.241) (end 5.661 3.989) (layer F.SilkS) (width 0.12))
    (fp_line (start 5.661 -3.989) (end 5.661 -1.241) (layer F.SilkS) (width 0.12))
    (fp_line (start 5.621 1.241) (end 5.621 4.02) (layer F.SilkS) (width 0.12))
    (fp_line (start 5.621 -4.02) (end 5.621 -1.241) (layer F.SilkS) (width 0.12))
    (fp_line (start 5.581 1.241) (end 5.581 4.05) (layer F.SilkS) (width 0.12))
    (fp_line (start 5.581 -4.05) (end 5.581 -1.241) (layer F.SilkS) (width 0.12))
    (fp_line (start 5.541 1.241) (end 5.541 4.08) (layer F.SilkS) (width 0.12))
    (fp_line (start 5.541 -4.08) (end 5.541 -1.241) (layer F.SilkS) (width 0.12))
    (fp_line (start 5.501 1.241) (end 5.501 4.11) (layer F.SilkS) (width 0.12))
    (fp_line (start 5.501 -4.11) (end 5.501 -1.241) (layer F.SilkS) (width 0.12))
    (fp_line (start 5.461 1.241) (end 5.461 4.138) (layer F.SilkS) (width 0.12))
    (fp_line (start 5.461 -4.138) (end 5.461 -1.241) (layer F.SilkS) (width 0.12))
    (fp_line (start 5.421 1.241) (end 5.421 4.166) (layer F.SilkS) (width 0.12))
    (fp_line (start 5.421 -4.166) (end 5.421 -1.241) (layer F.SilkS) (width 0.12))
    (fp_line (start 5.381 1.241) (end 5.381 4.194) (layer F.SilkS) (width 0.12))
    (fp_line (start 5.381 -4.194) (end 5.381 -1.241) (layer F.SilkS) (width 0.12))
    (fp_line (start 5.341 1.241) (end 5.341 4.221) (layer F.SilkS) (width 0.12))
    (fp_line (start 5.341 -4.221) (end 5.341 -1.241) (layer F.SilkS) (width 0.12))
    (fp_line (start 5.301 1.241) (end 5.301 4.247) (layer F.SilkS) (width 0.12))
    (fp_line (start 5.301 -4.247) (end 5.301 -1.241) (layer F.SilkS) (width 0.12))
    (fp_line (start 5.261 1.241) (end 5.261 4.273) (layer F.SilkS) (width 0.12))
    (fp_line (start 5.261 -4.273) (end 5.261 -1.241) (layer F.SilkS) (width 0.12))
    (fp_line (start 5.221 1.241) (end 5.221 4.298) (layer F.SilkS) (width 0.12))
    (fp_line (start 5.221 -4.298) (end 5.221 -1.241) (layer F.SilkS) (width 0.12))
    (fp_line (start 5.181 1.241) (end 5.181 4.323) (layer F.SilkS) (width 0.12))
    (fp_line (start 5.181 -4.323) (end 5.181 -1.241) (layer F.SilkS) (width 0.12))
    (fp_line (start 5.141 1.241) (end 5.141 4.347) (layer F.SilkS) (width 0.12))
    (fp_line (start 5.141 -4.347) (end 5.141 -1.241) (layer F.SilkS) (width 0.12))
    (fp_line (start 5.101 1.241) (end 5.101 4.371) (layer F.SilkS) (width 0.12))
    (fp_line (start 5.101 -4.371) (end 5.101 -1.241) (layer F.SilkS) (width 0.12))
    (fp_line (start 5.061 1.241) (end 5.061 4.395) (layer F.SilkS) (width 0.12))
    (fp_line (start 5.061 -4.395) (end 5.061 -1.241) (layer F.SilkS) (width 0.12))
    (fp_line (start 5.021 1.241) (end 5.021 4.417) (layer F.SilkS) (width 0.12))
    (fp_line (start 5.021 -4.417) (end 5.021 -1.241) (layer F.SilkS) (width 0.12))
    (fp_line (start 4.981 1.241) (end 4.981 4.44) (layer F.SilkS) (width 0.12))
    (fp_line (start 4.981 -4.44) (end 4.981 -1.241) (layer F.SilkS) (width 0.12))
    (fp_line (start 4.941 1.241) (end 4.941 4.462) (layer F.SilkS) (width 0.12))
    (fp_line (start 4.941 -4.462) (end 4.941 -1.241) (layer F.SilkS) (width 0.12))
    (fp_line (start 4.901 1.241) (end 4.901 4.483) (layer F.SilkS) (width 0.12))
    (fp_line (start 4.901 -4.483) (end 4.901 -1.241) (layer F.SilkS) (width 0.12))
    (fp_line (start 4.861 1.241) (end 4.861 4.504) (layer F.SilkS) (width 0.12))
    (fp_line (start 4.861 -4.504) (end 4.861 -1.241) (layer F.SilkS) (width 0.12))
    (fp_line (start 4.821 1.241) (end 4.821 4.525) (layer F.SilkS) (width 0.12))
    (fp_line (start 4.821 -4.525) (end 4.821 -1.241) (layer F.SilkS) (width 0.12))
    (fp_line (start 4.781 1.241) (end 4.781 4.545) (layer F.SilkS) (width 0.12))
    (fp_line (start 4.781 -4.545) (end 4.781 -1.241) (layer F.SilkS) (width 0.12))
    (fp_line (start 4.741 1.241) (end 4.741 4.564) (layer F.SilkS) (width 0.12))
    (fp_line (start 4.741 -4.564) (end 4.741 -1.241) (layer F.SilkS) (width 0.12))
    (fp_line (start 4.701 1.241) (end 4.701 4.584) (layer F.SilkS) (width 0.12))
    (fp_line (start 4.701 -4.584) (end 4.701 -1.241) (layer F.SilkS) (width 0.12))
    (fp_line (start 4.661 1.241) (end 4.661 4.603) (layer F.SilkS) (width 0.12))
    (fp_line (start 4.661 -4.603) (end 4.661 -1.241) (layer F.SilkS) (width 0.12))
    (fp_line (start 4.621 1.241) (end 4.621 4.621) (layer F.SilkS) (width 0.12))
    (fp_line (start 4.621 -4.621) (end 4.621 -1.241) (layer F.SilkS) (width 0.12))
    (fp_line (start 4.581 1.241) (end 4.581 4.639) (layer F.SilkS) (width 0.12))
    (fp_line (start 4.581 -4.639) (end 4.581 -1.241) (layer F.SilkS) (width 0.12))
    (fp_line (start 4.541 1.241) (end 4.541 4.657) (layer F.SilkS) (width 0.12))
    (fp_line (start 4.541 -4.657) (end 4.541 -1.241) (layer F.SilkS) (width 0.12))
    (fp_line (start 4.501 1.241) (end 4.501 4.674) (layer F.SilkS) (width 0.12))
    (fp_line (start 4.501 -4.674) (end 4.501 -1.241) (layer F.SilkS) (width 0.12))
    (fp_line (start 4.461 1.241) (end 4.461 4.69) (layer F.SilkS) (width 0.12))
    (fp_line (start 4.461 -4.69) (end 4.461 -1.241) (layer F.SilkS) (width 0.12))
    (fp_line (start 4.421 1.241) (end 4.421 4.707) (layer F.SilkS) (width 0.12))
    (fp_line (start 4.421 -4.707) (end 4.421 -1.241) (layer F.SilkS) (width 0.12))
    (fp_line (start 4.381 1.241) (end 4.381 4.723) (layer F.SilkS) (width 0.12))
    (fp_line (start 4.381 -4.723) (end 4.381 -1.241) (layer F.SilkS) (width 0.12))
    (fp_line (start 4.341 1.241) (end 4.341 4.738) (layer F.SilkS) (width 0.12))
    (fp_line (start 4.341 -4.738) (end 4.341 -1.241) (layer F.SilkS) (width 0.12))
    (fp_line (start 4.301 1.241) (end 4.301 4.754) (layer F.SilkS) (width 0.12))
    (fp_line (start 4.301 -4.754) (end 4.301 -1.241) (layer F.SilkS) (width 0.12))
    (fp_line (start 4.261 1.241) (end 4.261 4.768) (layer F.SilkS) (width 0.12))
    (fp_line (start 4.261 -4.768) (end 4.261 -1.241) (layer F.SilkS) (width 0.12))
    (fp_line (start 4.221 1.241) (end 4.221 4.783) (layer F.SilkS) (width 0.12))
    (fp_line (start 4.221 -4.783) (end 4.221 -1.241) (layer F.SilkS) (width 0.12))
    (fp_line (start 4.181 1.241) (end 4.181 4.797) (layer F.SilkS) (width 0.12))
    (fp_line (start 4.181 -4.797) (end 4.181 -1.241) (layer F.SilkS) (width 0.12))
    (fp_line (start 4.141 1.241) (end 4.141 4.811) (layer F.SilkS) (width 0.12))
    (fp_line (start 4.141 -4.811) (end 4.141 -1.241) (layer F.SilkS) (width 0.12))
    (fp_line (start 4.101 1.241) (end 4.101 4.824) (layer F.SilkS) (width 0.12))
    (fp_line (start 4.101 -4.824) (end 4.101 -1.241) (layer F.SilkS) (width 0.12))
    (fp_line (start 4.061 1.241) (end 4.061 4.837) (layer F.SilkS) (width 0.12))
    (fp_line (start 4.061 -4.837) (end 4.061 -1.241) (layer F.SilkS) (width 0.12))
    (fp_line (start 4.021 1.241) (end 4.021 4.85) (layer F.SilkS) (width 0.12))
    (fp_line (start 4.021 -4.85) (end 4.021 -1.241) (layer F.SilkS) (width 0.12))
    (fp_line (start 3.981 1.241) (end 3.981 4.862) (layer F.SilkS) (width 0.12))
