(kicad_pcb (version 20171130) (host pcbnew 5.1.5+dfsg1-2build2)

  (general
    (thickness 1.6)
    (drawings 13)
    (tracks 590)
    (zones 0)
    (modules 42)
    (nets 69)
  )

  (page A4)
  (layers
    (0 F.Cu signal)
    (31 B.Cu signal)
    (32 B.Adhes user)
    (33 F.Adhes user)
    (34 B.Paste user)
    (35 F.Paste user)
    (36 B.SilkS user)
    (37 F.SilkS user)
    (38 B.Mask user)
    (39 F.Mask user)
    (40 Dwgs.User user hide)
    (41 Cmts.User user hide)
    (42 Eco1.User user)
    (43 Eco2.User user)
    (44 Edge.Cuts user)
    (45 Margin user)
    (46 B.CrtYd user)
    (47 F.CrtYd user)
    (48 B.Fab user)
    (49 F.Fab user hide)
  )

  (setup
    (last_trace_width 0.4)
    (user_trace_width 0.5)
    (user_trace_width 0.6)
    (trace_clearance 0.2)
    (zone_clearance 0.508)
    (zone_45_only no)
    (trace_min 0.2)
    (via_size 0.8)
    (via_drill 0.4)
    (via_min_size 0.4)
    (via_min_drill 0.3)
    (uvia_size 0.3)
    (uvia_drill 0.1)
    (uvias_allowed no)
    (uvia_min_size 0.2)
    (uvia_min_drill 0.1)
    (edge_width 0.15)
    (segment_width 0.2)
    (pcb_text_width 0.3)
    (pcb_text_size 1.5 1.5)
    (mod_edge_width 0.15)
    (mod_text_size 1 1)
    (mod_text_width 0.15)
    (pad_size 1.524 1.524)
    (pad_drill 1.016)
    (pad_to_mask_clearance 0.2)
    (solder_mask_min_width 0.25)
    (aux_axis_origin 0 0)
    (grid_origin 136.25 56)
    (visible_elements 7FFFFFFF)
    (pcbplotparams
      (layerselection 0x010fc_ffffffff)
      (usegerberextensions false)
      (usegerberattributes false)
      (usegerberadvancedattributes false)
      (creategerberjobfile false)
      (excludeedgelayer true)
      (linewidth 0.100000)
      (plotframeref false)
      (viasonmask false)
      (mode 1)
      (useauxorigin false)
      (hpglpennumber 1)
      (hpglpenspeed 20)
      (hpglpendiameter 15.000000)
      (psnegative false)
      (psa4output false)
      (plotreference true)
      (plotvalue true)
      (plotinvisibletext false)
      (padsonsilk false)
      (subtractmaskfromsilk false)
      (outputformat 1)
      (mirror false)
      (drillshape 0)
      (scaleselection 1)
      (outputdirectory "gerber"))
  )

  (net 0 "")
  (net 1 GND)
  (net 2 +3V3)
  (net 3 +5V)
  (net 4 "Net-(C5-Pad1)")
  (net 5 "Net-(C9-Pad2)")
  (net 6 "Net-(C10-Pad2)")
  (net 7 "Net-(C11-Pad2)")
  (net 8 "Net-(D2-Pad1)")
  (net 9 "Net-(D3-Pad1)")
  (net 10 "Net-(J1-Pad4)")
  (net 11 "Net-(J1-Pad6)")
  (net 12 "Net-(J3-Pad6)")
  (net 13 "Net-(J3-Pad4)")
  (net 14 "Net-(J3-Pad3)")
  (net 15 "Net-(J3-Pad2)")
  (net 16 MISO)
  (net 17 SCK)
  (net 18 MOSI)
  (net 19 RESET)
  (net 20 "Net-(R1-Pad2)")
  (net 21 RX)
  (net 22 TX)
  (net 23 LEDS)
  (net 24 "Net-(C12-Pad2)")
  (net 25 "Net-(J5-Pad8)")
  (net 26 "Net-(J7-Pad2)")
  (net 27 "Net-(J7-Pad1)")
  (net 28 "Net-(J9-Pad1)")
  (net 29 "Net-(J9-Pad2)")
  (net 30 TEMP)
  (net 31 "Net-(J5-Pad2)")
  (net 32 "Net-(J5-Pad3)")
  (net 33 "Net-(J5-Pad4)")
  (net 34 "Net-(J5-Pad5)")
  (net 35 "Net-(C2-Pad1)")
  (net 36 "Net-(C2-Pad2)")
  (net 37 "Net-(C4-Pad2)")
  (net 38 DIR)
  (net 39 "Net-(C13-Pad2)")
  (net 40 SPEED)
  (net 41 SCL)
  (net 42 SDA)
  (net 43 TP1)
  (net 44 TP2)
  (net 45 BL)
  (net 46 RST)
  (net 47 DC)
  (net 48 "Net-(U1-Pad9)")
  (net 49 "Net-(U1-Pad10)")
  (net 50 "Net-(U1-Pad11)")
  (net 51 "Net-(U1-Pad12)")
  (net 52 "Net-(U1-Pad14)")
  (net 53 "Net-(U1-Pad15)")
  (net 54 "Net-(U3-Pad12)")
  (net 55 "Net-(U3-Pad13)")
  (net 56 "Net-(U3-Pad21)")
  (net 57 "Net-(U3-Pad23)")
  (net 58 "Net-(U3-Pad24)")
  (net 59 "Net-(U3-Pad25)")
  (net 60 "Net-(U3-Pad26)")
  (net 61 "Net-(U3-Pad32)")
  (net 62 "Net-(U3-Pad33)")
  (net 63 "Net-(U3-Pad34)")
  (net 64 "Net-(U3-Pad35)")
  (net 65 "Net-(U3-Pad36)")
  (net 66 "Net-(U3-Pad42)")
  (net 67 "Net-(U3-Pad43)")
  (net 68 "Net-(U3-Pad44)")

  (net_class Default "This is the default net class."
    (clearance 0.2)
    (trace_width 0.4)
    (via_dia 0.8)
    (via_drill 0.4)
    (uvia_dia 0.3)
    (uvia_drill 0.1)
    (add_net +3V3)
    (add_net +5V)
    (add_net BL)
    (add_net DC)
    (add_net DIR)
    (add_net GND)
    (add_net LEDS)
    (add_net MISO)
    (add_net MOSI)
    (add_net "Net-(C10-Pad2)")
    (add_net "Net-(C11-Pad2)")
    (add_net "Net-(C12-Pad2)")
    (add_net "Net-(C13-Pad2)")
    (add_net "Net-(C2-Pad1)")
    (add_net "Net-(C2-Pad2)")
    (add_net "Net-(C4-Pad2)")
    (add_net "Net-(C5-Pad1)")
    (add_net "Net-(C9-Pad2)")
    (add_net "Net-(D2-Pad1)")
    (add_net "Net-(D3-Pad1)")
    (add_net "Net-(J1-Pad4)")
    (add_net "Net-(J1-Pad6)")
    (add_net "Net-(J3-Pad2)")
    (add_net "Net-(J3-Pad3)")
    (add_net "Net-(J3-Pad4)")
    (add_net "Net-(J3-Pad6)")
    (add_net "Net-(J5-Pad2)")
    (add_net "Net-(J5-Pad3)")
    (add_net "Net-(J5-Pad4)")
    (add_net "Net-(J5-Pad5)")
    (add_net "Net-(J5-Pad8)")
    (add_net "Net-(J7-Pad1)")
    (add_net "Net-(J7-Pad2)")
    (add_net "Net-(J9-Pad1)")
    (add_net "Net-(J9-Pad2)")
    (add_net "Net-(R1-Pad2)")
    (add_net "Net-(U1-Pad10)")
    (add_net "Net-(U1-Pad11)")
    (add_net "Net-(U1-Pad12)")
    (add_net "Net-(U1-Pad14)")
    (add_net "Net-(U1-Pad15)")
    (add_net "Net-(U1-Pad9)")
    (add_net "Net-(U3-Pad12)")
    (add_net "Net-(U3-Pad13)")
    (add_net "Net-(U3-Pad21)")
    (add_net "Net-(U3-Pad23)")
    (add_net "Net-(U3-Pad24)")
    (add_net "Net-(U3-Pad25)")
    (add_net "Net-(U3-Pad26)")
    (add_net "Net-(U3-Pad32)")
    (add_net "Net-(U3-Pad33)")
    (add_net "Net-(U3-Pad34)")
    (add_net "Net-(U3-Pad35)")
    (add_net "Net-(U3-Pad36)")
    (add_net "Net-(U3-Pad42)")
    (add_net "Net-(U3-Pad43)")
    (add_net "Net-(U3-Pad44)")
    (add_net RESET)
    (add_net RST)
    (add_net RX)
    (add_net SCK)
    (add_net SCL)
    (add_net SDA)
    (add_net SPEED)
    (add_net TEMP)
    (add_net TP1)
    (add_net TP2)
    (add_net TX)
  )

  (module Package_QFP:TQFP-44_10x10mm_P0.8mm (layer F.Cu) (tedit 5A02F146) (tstamp 61FF8BB9)
    (at 131.058 65.652 90)
    (descr "44-Lead Plastic Thin Quad Flatpack (PT) - 10x10x1.0 mm Body [TQFP] (see Microchip Packaging Specification 00000049BS.pdf)")
    (tags "QFP 0.8")
    (path /62002E7F)
    (attr smd)
    (fp_text reference U3 (at 0 -7.45 90) (layer F.SilkS)
      (effects (font (size 1 1) (thickness 0.15)))
    )
    (fp_text value ATmega32A-AU (at 0 7.45 90) (layer F.Fab)
      (effects (font (size 1 1) (thickness 0.15)))
    )
    (fp_text user %R (at 0 0 90) (layer F.Fab)
      (effects (font (size 1 1) (thickness 0.15)))
    )
    (fp_line (start -4 -5) (end 5 -5) (layer F.Fab) (width 0.15))
    (fp_line (start 5 -5) (end 5 5) (layer F.Fab) (width 0.15))
    (fp_line (start 5 5) (end -5 5) (layer F.Fab) (width 0.15))
    (fp_line (start -5 5) (end -5 -4) (layer F.Fab) (width 0.15))
    (fp_line (start -5 -4) (end -4 -5) (layer F.Fab) (width 0.15))
    (fp_line (start -6.7 -6.7) (end -6.7 6.7) (layer F.CrtYd) (width 0.05))
    (fp_line (start 6.7 -6.7) (end 6.7 6.7) (layer F.CrtYd) (width 0.05))
    (fp_line (start -6.7 -6.7) (end 6.7 -6.7) (layer F.CrtYd) (width 0.05))
    (fp_line (start -6.7 6.7) (end 6.7 6.7) (layer F.CrtYd) (width 0.05))
    (fp_line (start -5.175 -5.175) (end -5.175 -4.6) (layer F.SilkS) (width 0.15))
    (fp_line (start 5.175 -5.175) (end 5.175 -4.5) (layer F.SilkS) (width 0.15))
    (fp_line (start 5.175 5.175) (end 5.175 4.5) (layer F.SilkS) (width 0.15))
    (fp_line (start -5.175 5.175) (end -5.175 4.5) (layer F.SilkS) (width 0.15))
    (fp_line (start -5.175 -5.175) (end -4.5 -5.175) (layer F.SilkS) (width 0.15))
    (fp_line (start -5.175 5.175) (end -4.5 5.175) (layer F.SilkS) (width 0.15))
    (fp_line (start 5.175 5.175) (end 4.5 5.175) (layer F.SilkS) (width 0.15))
    (fp_line (start 5.175 -5.175) (end 4.5 -5.175) (layer F.SilkS) (width 0.15))
    (fp_line (start -5.175 -4.6) (end -6.45 -4.6) (layer F.SilkS) (width 0.15))
    (pad 1 smd rect (at -5.7 -4 90) (size 1.5 0.55) (layers F.Cu F.Paste F.Mask)
      (net 18 MOSI))
    (pad 2 smd rect (at -5.7 -3.2 90) (size 1.5 0.55) (layers F.Cu F.Paste F.Mask)
      (net 16 MISO))
    (pad 3 smd rect (at -5.7 -2.4 90) (size 1.5 0.55) (layers F.Cu F.Paste F.Mask)
      (net 17 SCK))
    (pad 4 smd rect (at -5.7 -1.6 90) (size 1.5 0.55) (layers F.Cu F.Paste F.Mask)
      (net 19 RESET))
    (pad 5 smd rect (at -5.7 -0.8 90) (size 1.5 0.55) (layers F.Cu F.Paste F.Mask)
      (net 3 +5V))
    (pad 6 smd rect (at -5.7 0 90) (size 1.5 0.55) (layers F.Cu F.Paste F.Mask)
      (net 1 GND))
    (pad 7 smd rect (at -5.7 0.8 90) (size 1.5 0.55) (layers F.Cu F.Paste F.Mask)
      (net 7 "Net-(C11-Pad2)"))
    (pad 8 smd rect (at -5.7 1.6 90) (size 1.5 0.55) (layers F.Cu F.Paste F.Mask)
      (net 6 "Net-(C10-Pad2)"))
    (pad 9 smd rect (at -5.7 2.4 90) (size 1.5 0.55) (layers F.Cu F.Paste F.Mask)
      (net 21 RX))
    (pad 10 smd rect (at -5.7 3.2 90) (size 1.5 0.55) (layers F.Cu F.Paste F.Mask)
      (net 22 TX))
    (pad 11 smd rect (at -5.7 4 90) (size 1.5 0.55) (layers F.Cu F.Paste F.Mask)
      (net 40 SPEED))
    (pad 12 smd rect (at -4 5.7 180) (size 1.5 0.55) (layers F.Cu F.Paste F.Mask)
      (net 54 "Net-(U3-Pad12)"))
    (pad 13 smd rect (at -3.2 5.7 180) (size 1.5 0.55) (layers F.Cu F.Paste F.Mask)
      (net 55 "Net-(U3-Pad13)"))
    (pad 14 smd rect (at -2.4 5.7 180) (size 1.5 0.55) (layers F.Cu F.Paste F.Mask)
      (net 43 TP1))
    (pad 15 smd rect (at -1.6 5.7 180) (size 1.5 0.55) (layers F.Cu F.Paste F.Mask)
      (net 44 TP2))
    (pad 16 smd rect (at -0.8 5.7 180) (size 1.5 0.55) (layers F.Cu F.Paste F.Mask)
      (net 46 RST))
    (pad 17 smd rect (at 0 5.7 180) (size 1.5 0.55) (layers F.Cu F.Paste F.Mask)
      (net 3 +5V))
    (pad 18 smd rect (at 0.8 5.7 180) (size 1.5 0.55) (layers F.Cu F.Paste F.Mask)
      (net 1 GND))
    (pad 19 smd rect (at 1.6 5.7 180) (size 1.5 0.55) (layers F.Cu F.Paste F.Mask)
      (net 41 SCL))
    (pad 20 smd rect (at 2.4 5.7 180) (size 1.5 0.55) (layers F.Cu F.Paste F.Mask)
      (net 42 SDA))
    (pad 21 smd rect (at 3.2 5.7 180) (size 1.5 0.55) (layers F.Cu F.Paste F.Mask)
      (net 56 "Net-(U3-Pad21)"))
    (pad 22 smd rect (at 4 5.7 180) (size 1.5 0.55) (layers F.Cu F.Paste F.Mask)
      (net 23 LEDS))
    (pad 23 smd rect (at 5.7 4 90) (size 1.5 0.55) (layers F.Cu F.Paste F.Mask)
      (net 57 "Net-(U3-Pad23)"))
    (pad 24 smd rect (at 5.7 3.2 90) (size 1.5 0.55) (layers F.Cu F.Paste F.Mask)
      (net 58 "Net-(U3-Pad24)"))
    (pad 25 smd rect (at 5.7 2.4 90) (size 1.5 0.55) (layers F.Cu F.Paste F.Mask)
      (net 59 "Net-(U3-Pad25)"))
    (pad 26 smd rect (at 5.7 1.6 90) (size 1.5 0.55) (layers F.Cu F.Paste F.Mask)
      (net 60 "Net-(U3-Pad26)"))
    (pad 27 smd rect (at 5.7 0.8 90) (size 1.5 0.55) (layers F.Cu F.Paste F.Mask)
      (net 5 "Net-(C9-Pad2)"))
    (pad 28 smd rect (at 5.7 0 90) (size 1.5 0.55) (layers F.Cu F.Paste F.Mask)
      (net 1 GND))
    (pad 29 smd rect (at 5.7 -0.8 90) (size 1.5 0.55) (layers F.Cu F.Paste F.Mask)
      (net 4 "Net-(C5-Pad1)"))
    (pad 30 smd rect (at 5.7 -1.6 90) (size 1.5 0.55) (layers F.Cu F.Paste F.Mask)
      (net 38 DIR))
    (pad 31 smd rect (at 5.7 -2.4 90) (size 1.5 0.55) (layers F.Cu F.Paste F.Mask)
      (net 20 "Net-(R1-Pad2)"))
    (pad 32 smd rect (at 5.7 -3.2 90) (size 1.5 0.55) (layers F.Cu F.Paste F.Mask)
      (net 61 "Net-(U3-Pad32)"))
    (pad 33 smd rect (at 5.7 -4 90) (size 1.5 0.55) (layers F.Cu F.Paste F.Mask)
      (net 62 "Net-(U3-Pad33)"))
    (pad 34 smd rect (at 4 -5.7 180) (size 1.5 0.55) (layers F.Cu F.Paste F.Mask)
      (net 63 "Net-(U3-Pad34)"))
    (pad 35 smd rect (at 3.2 -5.7 180) (size 1.5 0.55) (layers F.Cu F.Paste F.Mask)
      (net 64 "Net-(U3-Pad35)"))
    (pad 36 smd rect (at 2.4 -5.7 180) (size 1.5 0.55) (layers F.Cu F.Paste F.Mask)
      (net 65 "Net-(U3-Pad36)"))
    (pad 37 smd rect (at 1.6 -5.7 180) (size 1.5 0.55) (layers F.Cu F.Paste F.Mask)
      (net 30 TEMP))
    (pad 38 smd rect (at 0.8 -5.7 180) (size 1.5 0.55) (layers F.Cu F.Paste F.Mask)
      (net 3 +5V))
    (pad 39 smd rect (at 0 -5.7 180) (size 1.5 0.55) (layers F.Cu F.Paste F.Mask)
      (net 1 GND))
    (pad 40 smd rect (at -0.8 -5.7 180) (size 1.5 0.55) (layers F.Cu F.Paste F.Mask)
      (net 47 DC))
    (pad 41 smd rect (at -1.6 -5.7 180) (size 1.5 0.55) (layers F.Cu F.Paste F.Mask)
      (net 45 BL))
    (pad 42 smd rect (at -2.4 -5.7 180) (size 1.5 0.55) (layers F.Cu F.Paste F.Mask)
      (net 66 "Net-(U3-Pad42)"))
    (pad 43 smd rect (at -3.2 -5.7 180) (size 1.5 0.55) (layers F.Cu F.Paste F.Mask)
      (net 67 "Net-(U3-Pad43)"))
    (pad 44 smd rect (at -4 -5.7 180) (size 1.5 0.55) (layers F.Cu F.Paste F.Mask)
      (net 68 "Net-(U3-Pad44)"))
    (model ${KISYS3DMOD}/Package_QFP.3dshapes/TQFP-44_10x10mm_P0.8mm.wrl
      (at (xyz 0 0 0))
      (scale (xyz 1 1 1))
      (rotate (xyz 0 0 0))
    )
  )

  (module Package_SO:SOIC-16_3.9x9.9mm_P1.27mm (layer F.Cu) (tedit 5D9F72B1) (tstamp 6203AA6A)
    (at 129.519 82.605 90)
    (descr "SOIC, 16 Pin (JEDEC MS-012AC, https://www.analog.com/media/en/package-pcb-resources/package/pkg_pdf/soic_narrow-r/r_16.pdf), generated with kicad-footprint-generator ipc_gullwing_generator.py")
    (tags "SOIC SO")
    (path /61FFACF6)
    (attr smd)
    (fp_text reference U1 (at 0 -5.9 90) (layer F.SilkS)
      (effects (font (size 1 1) (thickness 0.15)))
    )
    (fp_text value CH340G (at 0 5.9 90) (layer F.Fab)
      (effects (font (size 1 1) (thickness 0.15)))
    )
    (fp_line (start 0 5.06) (end 1.95 5.06) (layer F.SilkS) (width 0.12))
    (fp_line (start 0 5.06) (end -1.95 5.06) (layer F.SilkS) (width 0.12))
    (fp_line (start 0 -5.06) (end 1.95 -5.06) (layer F.SilkS) (width 0.12))
    (fp_line (start 0 -5.06) (end -3.45 -5.06) (layer F.SilkS) (width 0.12))
    (fp_line (start -0.975 -4.95) (end 1.95 -4.95) (layer F.Fab) (width 0.1))
    (fp_line (start 1.95 -4.95) (end 1.95 4.95) (layer F.Fab) (width 0.1))
    (fp_line (start 1.95 4.95) (end -1.95 4.95) (layer F.Fab) (width 0.1))
    (fp_line (start -1.95 4.95) (end -1.95 -3.975) (layer F.Fab) (width 0.1))
    (fp_line (start -1.95 -3.975) (end -0.975 -4.95) (layer F.Fab) (width 0.1))
    (fp_line (start -3.7 -5.2) (end -3.7 5.2) (layer F.CrtYd) (width 0.05))
    (fp_line (start -3.7 5.2) (end 3.7 5.2) (layer F.CrtYd) (width 0.05))
    (fp_line (start 3.7 5.2) (end 3.7 -5.2) (layer F.CrtYd) (width 0.05))
    (fp_line (start 3.7 -5.2) (end -3.7 -5.2) (layer F.CrtYd) (width 0.05))
    (fp_text user %R (at 0 0 90) (layer F.Fab)
      (effects (font (size 0.98 0.98) (thickness 0.15)))
    )
    (pad 1 smd roundrect (at -2.475 -4.445 90) (size 1.95 0.6) (layers F.Cu F.Paste F.Mask) (roundrect_rratio 0.25)
      (net 1 GND))
    (pad 2 smd roundrect (at -2.475 -3.175 90) (size 1.95 0.6) (layers F.Cu F.Paste F.Mask) (roundrect_rratio 0.25)
      (net 21 RX))
    (pad 3 smd roundrect (at -2.475 -1.905 90) (size 1.95 0.6) (layers F.Cu F.Paste F.Mask) (roundrect_rratio 0.25)
      (net 22 TX))
    (pad 4 smd roundrect (at -2.475 -0.635 90) (size 1.95 0.6) (layers F.Cu F.Paste F.Mask) (roundrect_rratio 0.25)
      (net 2 +3V3))
    (pad 5 smd roundrect (at -2.475 0.635 90) (size 1.95 0.6) (layers F.Cu F.Paste F.Mask) (roundrect_rratio 0.25)
      (net 14 "Net-(J3-Pad3)"))
    (pad 6 smd roundrect (at -2.475 1.905 90) (size 1.95 0.6) (layers F.Cu F.Paste F.Mask) (roundrect_rratio 0.25)
      (net 15 "Net-(J3-Pad2)"))
    (pad 7 smd roundrect (at -2.475 3.175 90) (size 1.95 0.6) (layers F.Cu F.Paste F.Mask) (roundrect_rratio 0.25)
      (net 37 "Net-(C4-Pad2)"))
    (pad 8 smd roundrect (at -2.475 4.445 90) (size 1.95 0.6) (layers F.Cu F.Paste F.Mask) (roundrect_rratio 0.25)
      (net 39 "Net-(C13-Pad2)"))
    (pad 9 smd roundrect (at 2.475 4.445 90) (size 1.95 0.6) (layers F.Cu F.Paste F.Mask) (roundrect_rratio 0.25)
      (net 48 "Net-(U1-Pad9)"))
    (pad 10 smd roundrect (at 2.475 3.175 90) (size 1.95 0.6) (layers F.Cu F.Paste F.Mask) (roundrect_rratio 0.25)
      (net 49 "Net-(U1-Pad10)"))
    (pad 11 smd roundrect (at 2.475 1.905 90) (size 1.95 0.6) (layers F.Cu F.Paste F.Mask) (roundrect_rratio 0.25)
      (net 50 "Net-(U1-Pad11)"))
    (pad 12 smd roundrect (at 2.475 0.635 90) (size 1.95 0.6) (layers F.Cu F.Paste F.Mask) (roundrect_rratio 0.25)
      (net 51 "Net-(U1-Pad12)"))
    (pad 13 smd roundrect (at 2.475 -0.635 90) (size 1.95 0.6) (layers F.Cu F.Paste F.Mask) (roundrect_rratio 0.25)
      (net 24 "Net-(C12-Pad2)"))
    (pad 14 smd roundrect (at 2.475 -1.905 90) (size 1.95 0.6) (layers F.Cu F.Paste F.Mask) (roundrect_rratio 0.25)
      (net 52 "Net-(U1-Pad14)"))
    (pad 15 smd roundrect (at 2.475 -3.175 90) (size 1.95 0.6) (layers F.Cu F.Paste F.Mask) (roundrect_rratio 0.25)
      (net 53 "Net-(U1-Pad15)"))
    (pad 16 smd roundrect (at 2.475 -4.445 90) (size 1.95 0.6) (layers F.Cu F.Paste F.Mask) (roundrect_rratio 0.25)
      (net 3 +5V))
    (model ${KISYS3DMOD}/Package_SO.3dshapes/SOIC-16_3.9x9.9mm_P1.27mm.wrl
      (at (xyz 0 0 0))
      (scale (xyz 1 1 1))
      (rotate (xyz 0 0 0))
    )
  )

  (module Resistor_SMD:R_0805_2012Metric (layer F.Cu) (tedit 5B36C52B) (tstamp 5FC81E80)
    (at 148.7875 62.6 180)
    (descr "Resistor SMD 0805 (2012 Metric), square (rectangular) end terminal, IPC_7351 nominal, (Body size source: https://docs.google.com/spreadsheets/d/1BsfQQcO9C6DZCsRaXUlFlo91Tg2WpOkGARC1WS5S8t0/edit?usp=sharing), generated with kicad-footprint-generator")
    (tags resistor)
    (path /5F3F1575)
    (attr smd)
    (fp_text reference R9 (at -3.0625 -0.2) (layer F.SilkS)
      (effects (font (size 1 1) (thickness 0.15)))
    )
    (fp_text value 2.4k (at 0 1.65) (layer F.Fab)
      (effects (font (size 1 1) (thickness 0.15)))
    )
    (fp_text user %R (at 0 0) (layer F.Fab)
      (effects (font (size 0.5 0.5) (thickness 0.08)))
    )
    (fp_line (start 1.68 0.95) (end -1.68 0.95) (layer F.CrtYd) (width 0.05))
    (fp_line (start 1.68 -0.95) (end 1.68 0.95) (layer F.CrtYd) (width 0.05))
    (fp_line (start -1.68 -0.95) (end 1.68 -0.95) (layer F.CrtYd) (width 0.05))
    (fp_line (start -1.68 0.95) (end -1.68 -0.95) (layer F.CrtYd) (width 0.05))
    (fp_line (start -0.258578 0.71) (end 0.258578 0.71) (layer F.SilkS) (width 0.12))
    (fp_line (start -0.258578 -0.71) (end 0.258578 -0.71) (layer F.SilkS) (width 0.12))
    (fp_line (start 1 0.6) (end -1 0.6) (layer F.Fab) (width 0.1))
    (fp_line (start 1 -0.6) (end 1 0.6) (layer F.Fab) (width 0.1))
    (fp_line (start -1 -0.6) (end 1 -0.6) (layer F.Fab) (width 0.1))
    (fp_line (start -1 0.6) (end -1 -0.6) (layer F.Fab) (width 0.1))
    (pad 2 smd roundrect (at 0.9375 0 180) (size 0.975 1.4) (layers F.Cu F.Paste F.Mask) (roundrect_rratio 0.25)
      (net 46 RST))
    (pad 1 smd roundrect (at -0.9375 0 180) (size 0.975 1.4) (layers F.Cu F.Paste F.Mask) (roundrect_rratio 0.25)
      (net 31 "Net-(J5-Pad2)"))
    (model ${KISYS3DMOD}/Resistor_SMD.3dshapes/R_0805_2012Metric.wrl
      (at (xyz 0 0 0))
      (scale (xyz 1 1 1))
      (rotate (xyz 0 0 0))
    )
  )

  (module Resistor_SMD:R_0805_2012Metric (layer F.Cu) (tedit 5B36C52B) (tstamp 5FC7F4A5)
    (at 151.1125 78 180)
    (descr "Resistor SMD 0805 (2012 Metric), square (rectangular) end terminal, IPC_7351 nominal, (Body size source: https://docs.google.com/spreadsheets/d/1BsfQQcO9C6DZCsRaXUlFlo91Tg2WpOkGARC1WS5S8t0/edit?usp=sharing), generated with kicad-footprint-generator")
    (tags resistor)
    (path /59B83EAC)
    (attr smd)
    (fp_text reference R4 (at 0 -1.65) (layer F.SilkS)
      (effects (font (size 1 1) (thickness 0.15)))
    )
    (fp_text value 20 (at 0 1.65) (layer F.Fab)
      (effects (font (size 1 1) (thickness 0.15)))
    )
    (fp_text user %R (at 0 0) (layer F.Fab)
      (effects (font (size 0.5 0.5) (thickness 0.08)))
    )
    (fp_line (start 1.68 0.95) (end -1.68 0.95) (layer F.CrtYd) (width 0.05))
    (fp_line (start 1.68 -0.95) (end 1.68 0.95) (layer F.CrtYd) (width 0.05))
    (fp_line (start -1.68 -0.95) (end 1.68 -0.95) (layer F.CrtYd) (width 0.05))
    (fp_line (start -1.68 0.95) (end -1.68 -0.95) (layer F.CrtYd) (width 0.05))
    (fp_line (start -0.258578 0.71) (end 0.258578 0.71) (layer F.SilkS) (width 0.12))
    (fp_line (start -0.258578 -0.71) (end 0.258578 -0.71) (layer F.SilkS) (width 0.12))
    (fp_line (start 1 0.6) (end -1 0.6) (layer F.Fab) (width 0.1))
    (fp_line (start 1 -0.6) (end 1 0.6) (layer F.Fab) (width 0.1))
    (fp_line (start -1 -0.6) (end 1 -0.6) (layer F.Fab) (width 0.1))
    (fp_line (start -1 0.6) (end -1 -0.6) (layer F.Fab) (width 0.1))
    (pad 2 smd roundrect (at 0.9375 0 180) (size 0.975 1.4) (layers F.Cu F.Paste F.Mask) (roundrect_rratio 0.25)
      (net 45 BL))
    (pad 1 smd roundrect (at -0.9375 0 180) (size 0.975 1.4) (layers F.Cu F.Paste F.Mask) (roundrect_rratio 0.25)
      (net 25 "Net-(J5-Pad8)"))
    (model ${KISYS3DMOD}/Resistor_SMD.3dshapes/R_0805_2012Metric.wrl
      (at (xyz 0 0 0))
      (scale (xyz 1 1 1))
      (rotate (xyz 0 0 0))
    )
  )

  (module Resistor_SMD:R_0805_2012Metric (layer F.Cu) (tedit 5B36C52B) (tstamp 5FC7F50B)
    (at 151.1125 65 180)
    (descr "Resistor SMD 0805 (2012 Metric), square (rectangular) end terminal, IPC_7351 nominal, (Body size source: https://docs.google.com/spreadsheets/d/1BsfQQcO9C6DZCsRaXUlFlo91Tg2WpOkGARC1WS5S8t0/edit?usp=sharing), generated with kicad-footprint-generator")
    (tags resistor)
    (path /5F3FCD92)
    (attr smd)
    (fp_text reference R10 (at 3.5625 0) (layer F.SilkS)
      (effects (font (size 1 1) (thickness 0.15)))
    )
    (fp_text value 2.4k (at 0 1.65) (layer F.Fab)
      (effects (font (size 1 1) (thickness 0.15)))
    )
    (fp_line (start -1 0.6) (end -1 -0.6) (layer F.Fab) (width 0.1))
    (fp_line (start -1 -0.6) (end 1 -0.6) (layer F.Fab) (width 0.1))
    (fp_line (start 1 -0.6) (end 1 0.6) (layer F.Fab) (width 0.1))
    (fp_line (start 1 0.6) (end -1 0.6) (layer F.Fab) (width 0.1))
    (fp_line (start -0.258578 -0.71) (end 0.258578 -0.71) (layer F.SilkS) (width 0.12))
    (fp_line (start -0.258578 0.71) (end 0.258578 0.71) (layer F.SilkS) (width 0.12))
    (fp_line (start -1.68 0.95) (end -1.68 -0.95) (layer F.CrtYd) (width 0.05))
    (fp_line (start -1.68 -0.95) (end 1.68 -0.95) (layer F.CrtYd) (width 0.05))
    (fp_line (start 1.68 -0.95) (end 1.68 0.95) (layer F.CrtYd) (width 0.05))
    (fp_line (start 1.68 0.95) (end -1.68 0.95) (layer F.CrtYd) (width 0.05))
    (fp_text user %R (at 0 0) (layer F.Fab)
      (effects (font (size 0.5 0.5) (thickness 0.08)))
    )
    (pad 1 smd roundrect (at -0.9375 0 180) (size 0.975 1.4) (layers F.Cu F.Paste F.Mask) (roundrect_rratio 0.25)
      (net 32 "Net-(J5-Pad3)"))
    (pad 2 smd roundrect (at 0.9375 0 180) (size 0.975 1.4) (layers F.Cu F.Paste F.Mask) (roundrect_rratio 0.25)
      (net 47 DC))
    (model ${KISYS3DMOD}/Resistor_SMD.3dshapes/R_0805_2012Metric.wrl
      (at (xyz 0 0 0))
      (scale (xyz 1 1 1))
      (rotate (xyz 0 0 0))
    )
  )

  (module freetronics_footprints:1X08 (layer F.Cu) (tedit 5476A041) (tstamp 5FF106F3)
    (at 154.4 60 270)
    (path /5F3E43F3)
    (attr smd)
    (fp_text reference J5 (at 0 0 90) (layer Eco1.User)
      (effects (font (size 0.6 0.6) (thickness 0.1)))
    )
    (fp_text value jlx12864 (at 0.254 1.905 90) (layer Eco1.User) hide
      (effects (font (size 0.6 0.6) (thickness 0.1)))
    )
    (fp_line (start 14.605 -1.27) (end 15.875 -1.27) (layer F.SilkS) (width 0.2032))
    (fp_line (start 15.875 -1.27) (end 16.51 -0.635) (layer F.SilkS) (width 0.2032))
    (fp_line (start 16.51 0.635) (end 15.875 1.27) (layer F.SilkS) (width 0.2032))
    (fp_line (start 11.43 -0.635) (end 12.065 -1.27) (layer F.SilkS) (width 0.2032))
    (fp_line (start 12.065 -1.27) (end 13.335 -1.27) (layer F.SilkS) (width 0.2032))
    (fp_line (start 13.335 -1.27) (end 13.97 -0.635) (layer F.SilkS) (width 0.2032))
    (fp_line (start 13.97 0.635) (end 13.335 1.27) (layer F.SilkS) (width 0.2032))
    (fp_line (start 13.335 1.27) (end 12.065 1.27) (layer F.SilkS) (width 0.2032))
    (fp_line (start 12.065 1.27) (end 11.43 0.635) (layer F.SilkS) (width 0.2032))
    (fp_line (start 14.605 -1.27) (end 13.97 -0.635) (layer F.SilkS) (width 0.2032))
    (fp_line (start 13.97 0.635) (end 14.605 1.27) (layer F.SilkS) (width 0.2032))
    (fp_line (start 15.875 1.27) (end 14.605 1.27) (layer F.SilkS) (width 0.2032))
    (fp_line (start 6.985 -1.27) (end 8.255 -1.27) (layer F.SilkS) (width 0.2032))
    (fp_line (start 8.255 -1.27) (end 8.89 -0.635) (layer F.SilkS) (width 0.2032))
    (fp_line (start 8.89 0.635) (end 8.255 1.27) (layer F.SilkS) (width 0.2032))
    (fp_line (start 8.89 -0.635) (end 9.525 -1.27) (layer F.SilkS) (width 0.2032))
    (fp_line (start 9.525 -1.27) (end 10.795 -1.27) (layer F.SilkS) (width 0.2032))
    (fp_line (start 10.795 -1.27) (end 11.43 -0.635) (layer F.SilkS) (width 0.2032))
    (fp_line (start 11.43 0.635) (end 10.795 1.27) (layer F.SilkS) (width 0.2032))
    (fp_line (start 10.795 1.27) (end 9.525 1.27) (layer F.SilkS) (width 0.2032))
    (fp_line (start 9.525 1.27) (end 8.89 0.635) (layer F.SilkS) (width 0.2032))
    (fp_line (start 3.81 -0.635) (end 4.445 -1.27) (layer F.SilkS) (width 0.2032))
    (fp_line (start 4.445 -1.27) (end 5.715 -1.27) (layer F.SilkS) (width 0.2032))
    (fp_line (start 5.715 -1.27) (end 6.35 -0.635) (layer F.SilkS) (width 0.2032))
    (fp_line (start 6.35 0.635) (end 5.715 1.27) (layer F.SilkS) (width 0.2032))
    (fp_line (start 5.715 1.27) (end 4.445 1.27) (layer F.SilkS) (width 0.2032))
    (fp_line (start 4.445 1.27) (end 3.81 0.635) (layer F.SilkS) (width 0.2032))
    (fp_line (start 6.985 -1.27) (end 6.35 -0.635) (layer F.SilkS) (width 0.2032))
    (fp_line (start 6.35 0.635) (end 6.985 1.27) (layer F.SilkS) (width 0.2032))
    (fp_line (start 8.255 1.27) (end 6.985 1.27) (layer F.SilkS) (width 0.2032))
    (fp_line (start -0.635 -1.27) (end 0.635 -1.27) (layer F.SilkS) (width 0.2032))
    (fp_line (start 0.635 -1.27) (end 1.27 -0.635) (layer F.SilkS) (width 0.2032))
    (fp_line (start 1.27 0.635) (end 0.635 1.27) (layer F.SilkS) (width 0.2032))
    (fp_line (start 1.27 -0.635) (end 1.905 -1.27) (layer F.SilkS) (width 0.2032))
    (fp_line (start 1.905 -1.27) (end 3.175 -1.27) (layer F.SilkS) (width 0.2032))
    (fp_line (start 3.175 -1.27) (end 3.81 -0.635) (layer F.SilkS) (width 0.2032))
    (fp_line (start 3.81 0.635) (end 3.175 1.27) (layer F.SilkS) (width 0.2032))
    (fp_line (start 3.175 1.27) (end 1.905 1.27) (layer F.SilkS) (width 0.2032))
    (fp_line (start 1.905 1.27) (end 1.27 0.635) (layer F.SilkS) (width 0.2032))
    (fp_line (start -1.27 -0.635) (end -1.27 0.635) (layer F.SilkS) (width 0.2032))
    (fp_line (start -0.635 -1.27) (end -1.27 -0.635) (layer F.SilkS) (width 0.2032))
    (fp_line (start -1.27 0.635) (end -0.635 1.27) (layer F.SilkS) (width 0.2032))
    (fp_line (start 0.635 1.27) (end -0.635 1.27) (layer F.SilkS) (width 0.2032))
    (fp_line (start 17.145 -1.27) (end 18.415 -1.27) (layer F.SilkS) (width 0.2032))
    (fp_line (start 18.415 -1.27) (end 19.05 -0.635) (layer F.SilkS) (width 0.2032))
    (fp_line (start 19.05 -0.635) (end 19.05 0.635) (layer F.SilkS) (width 0.2032))
    (fp_line (start 19.05 0.635) (end 18.415 1.27) (layer F.SilkS) (width 0.2032))
    (fp_line (start 17.145 -1.27) (end 16.51 -0.635) (layer F.SilkS) (width 0.2032))
    (fp_line (start 16.51 0.635) (end 17.145 1.27) (layer F.SilkS) (width 0.2032))
    (fp_line (start 18.415 1.27) (end 17.145 1.27) (layer F.SilkS) (width 0.2032))
    (pad 1 thru_hole oval (at 0 0) (size 1.524 1.524) (drill 1.016) (layers *.Cu *.Mask)
      (net 1 GND))
    (pad 2 thru_hole oval (at 2.54 0) (size 1.524 1.524) (drill 1.016) (layers *.Cu *.Mask)
      (net 31 "Net-(J5-Pad2)"))
    (pad 3 thru_hole oval (at 5.08 0) (size 1.524 1.524) (drill 1.016) (layers *.Cu *.Mask)
      (net 32 "Net-(J5-Pad3)"))
    (pad 4 thru_hole oval (at 7.62 0) (size 1.524 1.524) (drill 1.016) (layers *.Cu *.Mask)
      (net 33 "Net-(J5-Pad4)"))
    (pad 5 thru_hole oval (at 10.16 0) (size 1.524 1.524) (drill 1.016) (layers *.Cu *.Mask)
      (net 34 "Net-(J5-Pad5)"))
    (pad 6 thru_hole oval (at 12.7 0) (size 1.524 1.524) (drill 1.016) (layers *.Cu *.Mask)
      (net 2 +3V3))
    (pad 7 thru_hole oval (at 15.24 0) (size 1.524 1.524) (drill 1.016) (layers *.Cu *.Mask)
      (net 1 GND))
    (pad 8 thru_hole oval (at 17.78 0) (size 1.524 1.524) (drill 1.016) (layers *.Cu *.Mask)
      (net 25 "Net-(J5-Pad8)"))
  )

  (module Resistor_SMD:R_0805_2012Metric (layer F.Cu) (tedit 5B36C52B) (tstamp 5FC7F52D)
    (at 151.0321 70.2228 180)
    (descr "Resistor SMD 0805 (2012 Metric), square (rectangular) end terminal, IPC_7351 nominal, (Body size source: https://docs.google.com/spreadsheets/d/1BsfQQcO9C6DZCsRaXUlFlo91Tg2WpOkGARC1WS5S8t0/edit?usp=sharing), generated with kicad-footprint-generator")
    (tags resistor)
    (path /5F40B58A)
    (attr smd)
    (fp_text reference R12 (at 3.5625 0) (layer F.SilkS)
      (effects (font (size 1 1) (thickness 0.15)))
    )
    (fp_text value 2.4k (at 0 1.65) (layer F.Fab)
      (effects (font (size 1 1) (thickness 0.15)))
    )
    (fp_line (start -1 0.6) (end -1 -0.6) (layer F.Fab) (width 0.1))
    (fp_line (start -1 -0.6) (end 1 -0.6) (layer F.Fab) (width 0.1))
    (fp_line (start 1 -0.6) (end 1 0.6) (layer F.Fab) (width 0.1))
    (fp_line (start 1 0.6) (end -1 0.6) (layer F.Fab) (width 0.1))
    (fp_line (start -0.258578 -0.71) (end 0.258578 -0.71) (layer F.SilkS) (width 0.12))
    (fp_line (start -0.258578 0.71) (end 0.258578 0.71) (layer F.SilkS) (width 0.12))
    (fp_line (start -1.68 0.95) (end -1.68 -0.95) (layer F.CrtYd) (width 0.05))
    (fp_line (start -1.68 -0.95) (end 1.68 -0.95) (layer F.CrtYd) (width 0.05))
    (fp_line (start 1.68 -0.95) (end 1.68 0.95) (layer F.CrtYd) (width 0.05))
    (fp_line (start 1.68 0.95) (end -1.68 0.95) (layer F.CrtYd) (width 0.05))
    (fp_text user %R (at 0 0) (layer F.Fab)
      (effects (font (size 0.5 0.5) (thickness 0.08)))
    )
    (pad 1 smd roundrect (at -0.9375 0 180) (size 0.975 1.4) (layers F.Cu F.Paste F.Mask) (roundrect_rratio 0.25)
      (net 34 "Net-(J5-Pad5)"))
    (pad 2 smd roundrect (at 0.9375 0 180) (size 0.975 1.4) (layers F.Cu F.Paste F.Mask) (roundrect_rratio 0.25)
      (net 17 SCK))
    (model ${KISYS3DMOD}/Resistor_SMD.3dshapes/R_0805_2012Metric.wrl
      (at (xyz 0 0 0))
      (scale (xyz 1 1 1))
      (rotate (xyz 0 0 0))
    )
  )

  (module Resistor_SMD:R_0805_2012Metric (layer F.Cu) (tedit 5B36C52B) (tstamp 5FC7F51C)
    (at 151.0321 67.7228 180)
    (descr "Resistor SMD 0805 (2012 Metric), square (rectangular) end terminal, IPC_7351 nominal, (Body size source: https://docs.google.com/spreadsheets/d/1BsfQQcO9C6DZCsRaXUlFlo91Tg2WpOkGARC1WS5S8t0/edit?usp=sharing), generated with kicad-footprint-generator")
    (tags resistor)
    (path /5F40B321)
    (attr smd)
    (fp_text reference R11 (at 3.5625 0) (layer F.SilkS)
      (effects (font (size 1 1) (thickness 0.15)))
    )
    (fp_text value 2.4k (at 0 1.65) (layer F.Fab)
      (effects (font (size 1 1) (thickness 0.15)))
    )
    (fp_text user %R (at 0 0) (layer F.Fab)
      (effects (font (size 0.5 0.5) (thickness 0.08)))
    )
    (fp_line (start 1.68 0.95) (end -1.68 0.95) (layer F.CrtYd) (width 0.05))
    (fp_line (start 1.68 -0.95) (end 1.68 0.95) (layer F.CrtYd) (width 0.05))
    (fp_line (start -1.68 -0.95) (end 1.68 -0.95) (layer F.CrtYd) (width 0.05))
    (fp_line (start -1.68 0.95) (end -1.68 -0.95) (layer F.CrtYd) (width 0.05))
    (fp_line (start -0.258578 0.71) (end 0.258578 0.71) (layer F.SilkS) (width 0.12))
    (fp_line (start -0.258578 -0.71) (end 0.258578 -0.71) (layer F.SilkS) (width 0.12))
    (fp_line (start 1 0.6) (end -1 0.6) (layer F.Fab) (width 0.1))
    (fp_line (start 1 -0.6) (end 1 0.6) (layer F.Fab) (width 0.1))
    (fp_line (start -1 -0.6) (end 1 -0.6) (layer F.Fab) (width 0.1))
    (fp_line (start -1 0.6) (end -1 -0.6) (layer F.Fab) (width 0.1))
    (pad 2 smd roundrect (at 0.9375 0 180) (size 0.975 1.4) (layers F.Cu F.Paste F.Mask) (roundrect_rratio 0.25)
      (net 18 MOSI))
    (pad 1 smd roundrect (at -0.9375 0 180) (size 0.975 1.4) (layers F.Cu F.Paste F.Mask) (roundrect_rratio 0.25)
      (net 33 "Net-(J5-Pad4)"))
    (model ${KISYS3DMOD}/Resistor_SMD.3dshapes/R_0805_2012Metric.wrl
      (at (xyz 0 0 0))
      (scale (xyz 1 1 1))
      (rotate (xyz 0 0 0))
    )
  )

  (module Capacitor_SMD:C_0805_2012Metric (layer F.Cu) (tedit 5B36C52B) (tstamp 6202832E)
    (at 127.9165 87.496 180)
    (descr "Capacitor SMD 0805 (2012 Metric), square (rectangular) end terminal, IPC_7351 nominal, (Body size source: https://docs.google.com/spreadsheets/d/1BsfQQcO9C6DZCsRaXUlFlo91Tg2WpOkGARC1WS5S8t0/edit?usp=sharing), generated with kicad-footprint-generator")
    (tags capacitor)
    (path /5F3B9A13)
    (attr smd)
    (fp_text reference C1 (at 2.5625 0 270) (layer F.SilkS)
      (effects (font (size 1 1) (thickness 0.15)))
    )
    (fp_text value .1uF (at 0 1.65) (layer F.Fab)
      (effects (font (size 1 1) (thickness 0.15)))
    )
    (fp_text user %R (at 0 0) (layer F.Fab)
      (effects (font (size 0.5 0.5) (thickness 0.08)))
    )
    (fp_line (start 1.68 0.95) (end -1.68 0.95) (layer F.CrtYd) (width 0.05))
    (fp_line (start 1.68 -0.95) (end 1.68 0.95) (layer F.CrtYd) (width 0.05))
    (fp_line (start -1.68 -0.95) (end 1.68 -0.95) (layer F.CrtYd) (width 0.05))
    (fp_line (start -1.68 0.95) (end -1.68 -0.95) (layer F.CrtYd) (width 0.05))
    (fp_line (start -0.258578 0.71) (end 0.258578 0.71) (layer F.SilkS) (width 0.12))
    (fp_line (start -0.258578 -0.71) (end 0.258578 -0.71) (layer F.SilkS) (width 0.12))
    (fp_line (start 1 0.6) (end -1 0.6) (layer F.Fab) (width 0.1))
    (fp_line (start 1 -0.6) (end 1 0.6) (layer F.Fab) (width 0.1))
    (fp_line (start -1 -0.6) (end 1 -0.6) (layer F.Fab) (width 0.1))
    (fp_line (start -1 0.6) (end -1 -0.6) (layer F.Fab) (width 0.1))
    (pad 2 smd roundrect (at 0.9375 0 180) (size 0.975 1.4) (layers F.Cu F.Paste F.Mask) (roundrect_rratio 0.25)
      (net 1 GND))
    (pad 1 smd roundrect (at -0.9375 0 180) (size 0.975 1.4) (layers F.Cu F.Paste F.Mask) (roundrect_rratio 0.25)
      (net 2 +3V3))
    (model ${KISYS3DMOD}/Capacitor_SMD.3dshapes/C_0805_2012Metric.wrl
      (at (xyz 0 0 0))
      (scale (xyz 1 1 1))
      (rotate (xyz 0 0 0))
    )
  )

  (module Capacitor_SMD:C_0805_2012Metric (layer F.Cu) (tedit 5B36C52B) (tstamp 5FC7F2BD)
    (at 123.169 81.7325 270)
    (descr "Capacitor SMD 0805 (2012 Metric), square (rectangular) end terminal, IPC_7351 nominal, (Body size source: https://docs.google.com/spreadsheets/d/1BsfQQcO9C6DZCsRaXUlFlo91Tg2WpOkGARC1WS5S8t0/edit?usp=sharing), generated with kicad-footprint-generator")
    (tags capacitor)
    (path /5F3BFCA7)
    (attr smd)
    (fp_text reference C3 (at 2.5625 0 180) (layer F.SilkS)
      (effects (font (size 1 1) (thickness 0.15)))
    )
    (fp_text value .1uF (at 0 1.65 90) (layer F.Fab)
      (effects (font (size 1 1) (thickness 0.15)))
    )
    (fp_line (start -1 0.6) (end -1 -0.6) (layer F.Fab) (width 0.1))
    (fp_line (start -1 -0.6) (end 1 -0.6) (layer F.Fab) (width 0.1))
    (fp_line (start 1 -0.6) (end 1 0.6) (layer F.Fab) (width 0.1))
    (fp_line (start 1 0.6) (end -1 0.6) (layer F.Fab) (width 0.1))
    (fp_line (start -0.258578 -0.71) (end 0.258578 -0.71) (layer F.SilkS) (width 0.12))
    (fp_line (start -0.258578 0.71) (end 0.258578 0.71) (layer F.SilkS) (width 0.12))
    (fp_line (start -1.68 0.95) (end -1.68 -0.95) (layer F.CrtYd) (width 0.05))
    (fp_line (start -1.68 -0.95) (end 1.68 -0.95) (layer F.CrtYd) (width 0.05))
    (fp_line (start 1.68 -0.95) (end 1.68 0.95) (layer F.CrtYd) (width 0.05))
    (fp_line (start 1.68 0.95) (end -1.68 0.95) (layer F.CrtYd) (width 0.05))
    (fp_text user %R (at 0 0 90) (layer F.Fab)
      (effects (font (size 0.5 0.5) (thickness 0.08)))
    )
    (pad 1 smd roundrect (at -0.9375 0 270) (size 0.975 1.4) (layers F.Cu F.Paste F.Mask) (roundrect_rratio 0.25)
      (net 3 +5V))
    (pad 2 smd roundrect (at 0.9375 0 270) (size 0.975 1.4) (layers F.Cu F.Paste F.Mask) (roundrect_rratio 0.25)
      (net 1 GND))
    (model ${KISYS3DMOD}/Capacitor_SMD.3dshapes/C_0805_2012Metric.wrl
      (at (xyz 0 0 0))
      (scale (xyz 1 1 1))
      (rotate (xyz 0 0 0))
    )
  )

  (module Capacitor_SMD:C_0805_2012Metric (layer F.Cu) (tedit 5B36C52B) (tstamp 5FC7F2DF)
    (at 130.154 55.9515 90)
    (descr "Capacitor SMD 0805 (2012 Metric), square (rectangular) end terminal, IPC_7351 nominal, (Body size source: https://docs.google.com/spreadsheets/d/1BsfQQcO9C6DZCsRaXUlFlo91Tg2WpOkGARC1WS5S8t0/edit?usp=sharing), generated with kicad-footprint-generator")
    (tags capacitor)
    (path /5F448B82)
    (attr smd)
    (fp_text reference C5 (at -2.9375 0 90) (layer F.SilkS)
      (effects (font (size 1 1) (thickness 0.15)))
    )
    (fp_text value .1uF (at 0 1.65 90) (layer F.Fab)
      (effects (font (size 1 1) (thickness 0.15)))
    )
    (fp_text user %R (at 0 0 90) (layer F.Fab)
      (effects (font (size 0.5 0.5) (thickness 0.08)))
    )
    (fp_line (start 1.68 0.95) (end -1.68 0.95) (layer F.CrtYd) (width 0.05))
    (fp_line (start 1.68 -0.95) (end 1.68 0.95) (layer F.CrtYd) (width 0.05))
    (fp_line (start -1.68 -0.95) (end 1.68 -0.95) (layer F.CrtYd) (width 0.05))
    (fp_line (start -1.68 0.95) (end -1.68 -0.95) (layer F.CrtYd) (width 0.05))
    (fp_line (start -0.258578 0.71) (end 0.258578 0.71) (layer F.SilkS) (width 0.12))
    (fp_line (start -0.258578 -0.71) (end 0.258578 -0.71) (layer F.SilkS) (width 0.12))
    (fp_line (start 1 0.6) (end -1 0.6) (layer F.Fab) (width 0.1))
    (fp_line (start 1 -0.6) (end 1 0.6) (layer F.Fab) (width 0.1))
    (fp_line (start -1 -0.6) (end 1 -0.6) (layer F.Fab) (width 0.1))
    (fp_line (start -1 0.6) (end -1 -0.6) (layer F.Fab) (width 0.1))
    (pad 2 smd roundrect (at 0.9375 0 90) (size 0.975 1.4) (layers F.Cu F.Paste F.Mask) (roundrect_rratio 0.25)
      (net 1 GND))
    (pad 1 smd roundrect (at -0.9375 0 90) (size 0.975 1.4) (layers F.Cu F.Paste F.Mask) (roundrect_rratio 0.25)
      (net 4 "Net-(C5-Pad1)"))
    (model ${KISYS3DMOD}/Capacitor_SMD.3dshapes/C_0805_2012Metric.wrl
      (at (xyz 0 0 0))
      (scale (xyz 1 1 1))
      (rotate (xyz 0 0 0))
    )
  )

  (module Capacitor_SMD:C_0805_2012Metric (layer F.Cu) (tedit 5B36C52B) (tstamp 5FC7F301)
    (at 111.485 78.4305 270)
    (descr "Capacitor SMD 0805 (2012 Metric), square (rectangular) end terminal, IPC_7351 nominal, (Body size source: https://docs.google.com/spreadsheets/d/1BsfQQcO9C6DZCsRaXUlFlo91Tg2WpOkGARC1WS5S8t0/edit?usp=sharing), generated with kicad-footprint-generator")
    (tags capacitor)
    (path /5F52ADFF)
    (attr smd)
    (fp_text reference C7 (at 2.8625 0.8 90) (layer F.SilkS)
      (effects (font (size 1 1) (thickness 0.15)))
    )
    (fp_text value .1uF (at 0 1.65 90) (layer F.Fab)
      (effects (font (size 1 1) (thickness 0.15)))
    )
    (fp_text user %R (at 0 0 90) (layer F.Fab)
      (effects (font (size 0.5 0.5) (thickness 0.08)))
    )
    (fp_line (start 1.68 0.95) (end -1.68 0.95) (layer F.CrtYd) (width 0.05))
    (fp_line (start 1.68 -0.95) (end 1.68 0.95) (layer F.CrtYd) (width 0.05))
    (fp_line (start -1.68 -0.95) (end 1.68 -0.95) (layer F.CrtYd) (width 0.05))
    (fp_line (start -1.68 0.95) (end -1.68 -0.95) (layer F.CrtYd) (width 0.05))
    (fp_line (start -0.258578 0.71) (end 0.258578 0.71) (layer F.SilkS) (width 0.12))
    (fp_line (start -0.258578 -0.71) (end 0.258578 -0.71) (layer F.SilkS) (width 0.12))
    (fp_line (start 1 0.6) (end -1 0.6) (layer F.Fab) (width 0.1))
    (fp_line (start 1 -0.6) (end 1 0.6) (layer F.Fab) (width 0.1))
    (fp_line (start -1 -0.6) (end 1 -0.6) (layer F.Fab) (width 0.1))
    (fp_line (start -1 0.6) (end -1 -0.6) (layer F.Fab) (width 0.1))
    (pad 2 smd roundrect (at 0.9375 0 270) (size 0.975 1.4) (layers F.Cu F.Paste F.Mask) (roundrect_rratio 0.25)
      (net 1 GND))
    (pad 1 smd roundrect (at -0.9375 0 270) (size 0.975 1.4) (layers F.Cu F.Paste F.Mask) (roundrect_rratio 0.25)
      (net 38 DIR))
    (model ${KISYS3DMOD}/Capacitor_SMD.3dshapes/C_0805_2012Metric.wrl
      (at (xyz 0 0 0))
