(kicad_pcb (version 20171130) (host pcbnew 5.1.5+dfsg1-2build2)

  (general
    (thickness 1.6)
    (drawings 26)
    (tracks 1243)
    (zones 0)
    (modules 142)
    (nets 83)
  )

  (page A4)
  (layers
    (0 F.Cu signal)
    (1 In1.Cu signal)
    (2 In2.Cu signal)
    (31 B.Cu signal)
    (32 B.Adhes user)
    (33 F.Adhes user)
    (34 B.Paste user)
    (35 F.Paste user)
    (36 B.SilkS user)
    (37 F.SilkS user)
    (38 B.Mask user)
    (39 F.Mask user)
    (40 Dwgs.User user hide)
    (41 Cmts.User user hide)
    (42 Eco1.User user)
    (43 Eco2.User user)
    (44 Edge.Cuts user)
    (45 Margin user hide)
    (46 B.CrtYd user hide)
    (47 F.CrtYd user)
    (48 B.Fab user hide)
    (49 F.Fab user hide)
  )

  (setup
    (last_trace_width 0.25)
    (user_trace_width 0.4)
    (user_trace_width 0.5)
    (user_trace_width 0.6)
    (user_trace_width 0.8)
    (user_trace_width 1.6)
    (user_trace_width 1.8)
    (user_trace_width 2)
    (user_trace_width 2.8)
    (user_trace_width 3)
    (user_trace_width 4)
    (user_trace_width 6)
    (trace_clearance 0.2)
    (zone_clearance 0.508)
    (zone_45_only no)
    (trace_min 0.25)
    (via_size 0.8)
    (via_drill 0.4)
    (via_min_size 0.4)
    (via_min_drill 0.3)
    (user_via 0.6 0.4)
    (user_via 1.2 1)
    (user_via 2.4 2)
    (user_via 6 3)
    (uvia_size 0.3)
    (uvia_drill 0.1)
    (uvias_allowed no)
    (uvia_min_size 0.2)
    (uvia_min_drill 0.1)
    (edge_width 0.15)
    (segment_width 2.2)
    (pcb_text_width 0.3)
    (pcb_text_size 1.5 1.5)
    (mod_edge_width 0.15)
    (mod_text_size 1 1)
    (mod_text_width 0.15)
    (pad_size 2.8 2.8)
    (pad_drill 1.85)
    (pad_to_mask_clearance 0.2)
    (solder_mask_min_width 0.25)
    (aux_axis_origin 0 0)
    (grid_origin 175.925 141.8)
    (visible_elements 7EFFFFFB)
    (pcbplotparams
      (layerselection 0x010fc_ffffffff)
      (usegerberextensions false)
      (usegerberattributes false)
      (usegerberadvancedattributes false)
      (creategerberjobfile false)
      (excludeedgelayer true)
      (linewidth 0.100000)
      (plotframeref false)
      (viasonmask false)
      (mode 1)
      (useauxorigin false)
      (hpglpennumber 1)
      (hpglpenspeed 20)
      (hpglpendiameter 15.000000)
      (psnegative false)
      (psa4output false)
      (plotreference true)
      (plotvalue true)
      (plotinvisibletext false)
      (padsonsilk false)
      (subtractmaskfromsilk false)
      (outputformat 1)
      (mirror false)
      (drillshape 0)
      (scaleselection 1)
      (outputdirectory ""))
  )

  (net 0 "")
  (net 1 GND)
  (net 2 "Net-(C6-Pad1)")
  (net 3 "Net-(C5-Pad1)")
  (net 4 EndB)
  (net 5 EndA)
  (net 6 MISO)
  (net 7 SCK)
  (net 8 RESET)
  (net 9 MOSI)
  (net 10 /sense/Shunt)
  (net 11 Motor_Temp)
  (net 12 Rudder)
  (net 13 RX)
  (net 14 TX)
  (net 15 /sense/PWMAH)
  (net 16 /sense/PWMAL)
  (net 17 "Net-(C5-Pad2)")
  (net 18 "Net-(C6-Pad2)")
  (net 19 /sense/PWMBL)
  (net 20 /sense/PWMBH)
  (net 21 Voltage)
  (net 22 Controller_Temp)
  (net 23 "Net-(LED1-Pad1)")
  (net 24 "Net-(LED2-Pad1)")
  (net 25 +5V)
  (net 26 "Net-(J5-Pad2)")
  (net 27 "Net-(J5-Pad3)")
  (net 28 "Net-(D3-Pad2)")
  (net 29 "Net-(F2-Pad1)")
  (net 30 "Net-(C1-Pad2)")
  (net 31 VCC)
  (net 32 "Net-(C13-Pad1)")
  (net 33 "Net-(C13-Pad2)")
  (net 34 "Net-(C18-Pad1)")
  (net 35 "Net-(C20-Pad2)")
  (net 36 "Net-(C21-Pad2)")
  (net 37 "Net-(J8-Pad2)")
  (net 38 "Net-(LED3-Pad1)")
  (net 39 "Net-(LED4-Pad1)")
  (net 40 "Net-(R4-Pad2)")
  (net 41 "Net-(R10-Pad2)")
  (net 42 "Net-(R18-Pad1)")
  (net 43 "Net-(C14-Pad1)")
  (net 44 "Net-(C17-Pad2)")
  (net 45 "Net-(C26-Pad2)")
  (net 46 "Net-(C28-Pad1)")
  (net 47 "Net-(R20-Pad2)")
  (net 48 "Net-(D4-Pad2)")
  (net 49 VDD)
  (net 50 +12V)
  (net 51 "Net-(C17-Pad1)")
  (net 52 "Net-(C26-Pad1)")
  (net 53 "Net-(Q4-Pad2)")
  (net 54 "Net-(Q5-Pad2)")
  (net 55 "Net-(Q6-Pad2)")
  (net 56 "Net-(Q7-Pad2)")
  (net 57 "Net-(Q8-Pad2)")
  (net 58 "Net-(Q11-Pad2)")
  (net 59 "Net-(Q12-Pad2)")
  (net 60 "Net-(Q13-Pad2)")
  (net 61 "Net-(Q14-Pad2)")
  (net 62 "Net-(R5-Pad1)")
  (net 63 "Net-(R43-Pad2)")
  (net 64 "Net-(U9-Pad1)")
  (net 65 "Net-(C7-Pad2)")
  (net 66 "Net-(C37-Pad2)")
  (net 67 "Net-(C38-Pad2)")
  (net 68 "Net-(R39-Pad1)")
  (net 69 "Net-(R40-Pad1)")
  (net 70 "Net-(C39-Pad1)")
  (net 71 +5VD)
  (net 72 "Net-(C43-Pad1)")
  (net 73 "Net-(C43-Pad2)")
  (net 74 "Net-(C45-Pad2)")
  (net 75 "Net-(D8-Pad1)")
  (net 76 "Net-(L1-Pad1)")
  (net 77 "Net-(R36-Pad1)")
  (net 78 "Net-(R52-Pad2)")
  (net 79 "Net-(D1-Pad1)")
  (net 80 "Net-(D2-Pad1)")
  (net 81 "Net-(R13-Pad2)")
  (net 82 "Net-(C10-Pad2)")

  (net_class Default "This is the default net class."
    (clearance 0.2)
    (trace_width 0.25)
    (via_dia 0.8)
    (via_drill 0.4)
    (uvia_dia 0.3)
    (uvia_drill 0.1)
    (add_net +12V)
    (add_net +5V)
    (add_net +5VD)
    (add_net /sense/PWMAH)
    (add_net /sense/PWMAL)
    (add_net /sense/PWMBH)
    (add_net /sense/PWMBL)
    (add_net /sense/Shunt)
    (add_net Controller_Temp)
    (add_net EndA)
    (add_net EndB)
    (add_net GND)
    (add_net MISO)
    (add_net MOSI)
    (add_net Motor_Temp)
    (add_net "Net-(C1-Pad2)")
    (add_net "Net-(C10-Pad2)")
    (add_net "Net-(C13-Pad1)")
    (add_net "Net-(C13-Pad2)")
    (add_net "Net-(C14-Pad1)")
    (add_net "Net-(C17-Pad1)")
    (add_net "Net-(C17-Pad2)")
    (add_net "Net-(C18-Pad1)")
    (add_net "Net-(C20-Pad2)")
    (add_net "Net-(C21-Pad2)")
    (add_net "Net-(C26-Pad1)")
    (add_net "Net-(C26-Pad2)")
    (add_net "Net-(C28-Pad1)")
    (add_net "Net-(C37-Pad2)")
    (add_net "Net-(C38-Pad2)")
    (add_net "Net-(C39-Pad1)")
    (add_net "Net-(C43-Pad1)")
    (add_net "Net-(C43-Pad2)")
    (add_net "Net-(C45-Pad2)")
    (add_net "Net-(C5-Pad1)")
    (add_net "Net-(C5-Pad2)")
    (add_net "Net-(C6-Pad1)")
    (add_net "Net-(C6-Pad2)")
    (add_net "Net-(C7-Pad2)")
    (add_net "Net-(D1-Pad1)")
    (add_net "Net-(D2-Pad1)")
    (add_net "Net-(D3-Pad2)")
    (add_net "Net-(D4-Pad2)")
    (add_net "Net-(D8-Pad1)")
    (add_net "Net-(F2-Pad1)")
    (add_net "Net-(J5-Pad2)")
    (add_net "Net-(J5-Pad3)")
    (add_net "Net-(J8-Pad2)")
    (add_net "Net-(L1-Pad1)")
    (add_net "Net-(LED1-Pad1)")
    (add_net "Net-(LED2-Pad1)")
    (add_net "Net-(LED3-Pad1)")
    (add_net "Net-(LED4-Pad1)")
    (add_net "Net-(Q11-Pad2)")
    (add_net "Net-(Q12-Pad2)")
    (add_net "Net-(Q13-Pad2)")
    (add_net "Net-(Q14-Pad2)")
    (add_net "Net-(Q4-Pad2)")
    (add_net "Net-(Q5-Pad2)")
    (add_net "Net-(Q6-Pad2)")
    (add_net "Net-(Q7-Pad2)")
    (add_net "Net-(Q8-Pad2)")
    (add_net "Net-(R10-Pad2)")
    (add_net "Net-(R13-Pad2)")
    (add_net "Net-(R18-Pad1)")
    (add_net "Net-(R20-Pad2)")
    (add_net "Net-(R36-Pad1)")
    (add_net "Net-(R39-Pad1)")
    (add_net "Net-(R4-Pad2)")
    (add_net "Net-(R40-Pad1)")
    (add_net "Net-(R43-Pad2)")
    (add_net "Net-(R5-Pad1)")
    (add_net "Net-(R52-Pad2)")
    (add_net "Net-(U9-Pad1)")
    (add_net RESET)
    (add_net RX)
    (add_net Rudder)
    (add_net SCK)
    (add_net TX)
    (add_net VCC)
    (add_net VDD)
    (add_net Voltage)
  )

  (module midpower_footprints:PinHeader_2x03_P2.54mm_Vertical_SMD (layer F.Cu) (tedit 641D0B57) (tstamp 64315937)
    (at 227.233 127.9824 90)
    (descr "surface-mounted straight pin header, 2x03, 2.54mm pitch, double rows")
    (tags "Surface mounted pin header SMD 2x03 2.54mm double row")
    (path /59D8755C/5D605E2F)
    (attr smd)
    (fp_text reference J7 (at 0 -4.87 90) (layer F.SilkS)
      (effects (font (size 1 1) (thickness 0.15)))
    )
    (fp_text value ISP (at 0 4.87 90) (layer F.Fab)
      (effects (font (size 1 1) (thickness 0.15)))
    )
    (fp_line (start 2.54 3.81) (end -2.54 3.81) (layer F.Fab) (width 0.1))
    (fp_line (start -1.59 -3.81) (end 2.54 -3.81) (layer F.Fab) (width 0.1))
    (fp_line (start -2.54 3.81) (end -2.54 -2.86) (layer F.Fab) (width 0.1))
    (fp_line (start -2.54 -2.86) (end -1.59 -3.81) (layer F.Fab) (width 0.1))
    (fp_line (start 2.54 -3.81) (end 2.54 3.81) (layer F.Fab) (width 0.1))
    (fp_line (start -2.54 -2.86) (end -3.6 -2.86) (layer F.Fab) (width 0.1))
    (fp_line (start -3.6 -2.86) (end -3.6 -2.22) (layer F.Fab) (width 0.1))
    (fp_line (start -3.6 -2.22) (end -2.54 -2.22) (layer F.Fab) (width 0.1))
    (fp_line (start 2.54 -2.86) (end 3.6 -2.86) (layer F.Fab) (width 0.1))
    (fp_line (start 3.6 -2.86) (end 3.6 -2.22) (layer F.Fab) (width 0.1))
    (fp_line (start 3.6 -2.22) (end 2.54 -2.22) (layer F.Fab) (width 0.1))
    (fp_line (start -2.54 -0.32) (end -3.6 -0.32) (layer F.Fab) (width 0.1))
    (fp_line (start -3.6 -0.32) (end -3.6 0.32) (layer F.Fab) (width 0.1))
    (fp_line (start -3.6 0.32) (end -2.54 0.32) (layer F.Fab) (width 0.1))
    (fp_line (start 2.54 -0.32) (end 3.6 -0.32) (layer F.Fab) (width 0.1))
    (fp_line (start 3.6 -0.32) (end 3.6 0.32) (layer F.Fab) (width 0.1))
    (fp_line (start 3.6 0.32) (end 2.54 0.32) (layer F.Fab) (width 0.1))
    (fp_line (start -2.54 2.22) (end -3.6 2.22) (layer F.Fab) (width 0.1))
    (fp_line (start -3.6 2.22) (end -3.6 2.86) (layer F.Fab) (width 0.1))
    (fp_line (start -3.6 2.86) (end -2.54 2.86) (layer F.Fab) (width 0.1))
    (fp_line (start 2.54 2.22) (end 3.6 2.22) (layer F.Fab) (width 0.1))
    (fp_line (start 3.6 2.22) (end 3.6 2.86) (layer F.Fab) (width 0.1))
    (fp_line (start 3.6 2.86) (end 2.54 2.86) (layer F.Fab) (width 0.1))
    (fp_line (start -2.6 -3.87) (end 2.6 -3.87) (layer F.SilkS) (width 0.12))
    (fp_line (start -2.6 3.87) (end 2.6 3.87) (layer F.SilkS) (width 0.12))
    (fp_line (start -4.04 -3.3) (end -2.6 -3.3) (layer F.SilkS) (width 0.12))
    (fp_line (start -2.6 -3.87) (end -2.6 -3.3) (layer F.SilkS) (width 0.12))
    (fp_line (start 2.6 -3.87) (end 2.6 -3.3) (layer F.SilkS) (width 0.12))
    (fp_line (start -2.6 3.3) (end -2.6 3.87) (layer F.SilkS) (width 0.12))
    (fp_line (start 2.6 3.3) (end 2.6 3.87) (layer F.SilkS) (width 0.12))
    (fp_line (start -2.6 -1.78) (end -2.6 -0.76) (layer F.SilkS) (width 0.12))
    (fp_line (start 2.6 -1.78) (end 2.6 -0.76) (layer F.SilkS) (width 0.12))
    (fp_line (start -2.6 0.76) (end -2.6 1.78) (layer F.SilkS) (width 0.12))
    (fp_line (start 2.6 0.76) (end 2.6 1.78) (layer F.SilkS) (width 0.12))
    (fp_line (start -5.9 -4.35) (end -5.9 4.35) (layer F.CrtYd) (width 0.05))
    (fp_line (start -5.9 4.35) (end 5.9 4.35) (layer F.CrtYd) (width 0.05))
    (fp_line (start 5.9 4.35) (end 5.9 -4.35) (layer F.CrtYd) (width 0.05))
    (fp_line (start 5.9 -4.35) (end -5.9 -4.35) (layer F.CrtYd) (width 0.05))
    (fp_text user %R (at 0 0) (layer F.Fab)
      (effects (font (size 1 1) (thickness 0.15)))
    )
    (pad 1 smd rect (at -2.525 -2.54 90) (size 3.15 1) (layers F.Cu F.Paste F.Mask)
      (net 6 MISO))
    (pad 4 smd rect (at 2.525 -2.54 90) (size 3.15 1) (layers F.Cu F.Paste F.Mask)
      (net 25 +5V))
    (pad 2 smd rect (at -2.525 0 90) (size 3.15 1) (layers F.Cu F.Paste F.Mask)
      (net 7 SCK))
    (pad 5 smd rect (at 2.525 0 90) (size 3.15 1) (layers F.Cu F.Paste F.Mask)
      (net 9 MOSI))
    (pad 3 smd rect (at -2.525 2.54 90) (size 3.15 1) (layers F.Cu F.Paste F.Mask)
      (net 8 RESET))
    (pad 6 smd rect (at 2.525 2.54 90) (size 3.15 1) (layers F.Cu F.Paste F.Mask)
      (net 1 GND))
    (model ${KISYS3DMOD}/Connector_PinHeader_2.54mm.3dshapes/PinHeader_2x03_P2.54mm_Vertical_SMD.wrl
      (at (xyz 0 0 0))
      (scale (xyz 1 1 1))
      (rotate (xyz 0 0 0))
    )
  )

  (module Capacitor_SMD:C_1206_3216Metric (layer F.Cu) (tedit 5B301BBE) (tstamp 5FAD6B88)
    (at 262.6914 134.0754 270)
    (descr "Capacitor SMD 1206 (3216 Metric), square (rectangular) end terminal, IPC_7351 nominal, (Body size source: http://www.tortai-tech.com/upload/download/2011102023233369053.pdf), generated with kicad-footprint-generator")
    (tags capacitor)
    (path /5A92BC82)
    (attr smd)
    (fp_text reference C6 (at 0 -1.82 90) (layer F.SilkS)
      (effects (font (size 1 1) (thickness 0.15)))
    )
    (fp_text value 10uF (at 0 1.82 90) (layer F.Fab)
      (effects (font (size 1 1) (thickness 0.15)))
    )
    (fp_line (start -1.6 0.8) (end -1.6 -0.8) (layer F.Fab) (width 0.1))
    (fp_line (start -1.6 -0.8) (end 1.6 -0.8) (layer F.Fab) (width 0.1))
    (fp_line (start 1.6 -0.8) (end 1.6 0.8) (layer F.Fab) (width 0.1))
    (fp_line (start 1.6 0.8) (end -1.6 0.8) (layer F.Fab) (width 0.1))
    (fp_line (start -0.602064 -0.91) (end 0.602064 -0.91) (layer F.SilkS) (width 0.12))
    (fp_line (start -0.602064 0.91) (end 0.602064 0.91) (layer F.SilkS) (width 0.12))
    (fp_line (start -2.28 1.12) (end -2.28 -1.12) (layer F.CrtYd) (width 0.05))
    (fp_line (start -2.28 -1.12) (end 2.28 -1.12) (layer F.CrtYd) (width 0.05))
    (fp_line (start 2.28 -1.12) (end 2.28 1.12) (layer F.CrtYd) (width 0.05))
    (fp_line (start 2.28 1.12) (end -2.28 1.12) (layer F.CrtYd) (width 0.05))
    (fp_text user %R (at 0 0 90) (layer F.Fab)
      (effects (font (size 0.8 0.8) (thickness 0.12)))
    )
    (pad 1 smd roundrect (at -1.4 0 270) (size 1.25 1.75) (layers F.Cu F.Paste F.Mask) (roundrect_rratio 0.2)
      (net 2 "Net-(C6-Pad1)"))
    (pad 2 smd roundrect (at 1.4 0 270) (size 1.25 1.75) (layers F.Cu F.Paste F.Mask) (roundrect_rratio 0.2)
      (net 18 "Net-(C6-Pad2)"))
    (model ${KISYS3DMOD}/Capacitor_SMD.3dshapes/C_1206_3216Metric.wrl
      (at (xyz 0 0 0))
      (scale (xyz 1 1 1))
      (rotate (xyz 0 0 0))
    )
  )

  (module Package_SO:SOIC-8_3.9x4.9mm_P1.27mm (layer F.Cu) (tedit 5D9F72B1) (tstamp 621AD2CC)
    (at 245.0384 130.2826 90)
    (descr "SOIC, 8 Pin (JEDEC MS-012AA, https://www.analog.com/media/en/package-pcb-resources/package/pkg_pdf/soic_narrow-r/r_8.pdf), generated with kicad-footprint-generator ipc_gullwing_generator.py")
    (tags "SOIC SO")
    (path /5A92181A)
    (attr smd)
    (fp_text reference U2 (at 0 -3.4 90) (layer F.SilkS)
      (effects (font (size 1 1) (thickness 0.15)))
    )
    (fp_text value "UCC27201, NCP81075,  UCC27211 ; NCP5183,  IRS2186 backup:  IRS21867" (at 0 3.4 90) (layer F.Fab)
      (effects (font (size 1 1) (thickness 0.15)))
    )
    (fp_text user %R (at 0 0 90) (layer F.Fab)
      (effects (font (size 0.98 0.98) (thickness 0.15)))
    )
    (fp_line (start 3.7 -2.7) (end -3.7 -2.7) (layer F.CrtYd) (width 0.05))
    (fp_line (start 3.7 2.7) (end 3.7 -2.7) (layer F.CrtYd) (width 0.05))
    (fp_line (start -3.7 2.7) (end 3.7 2.7) (layer F.CrtYd) (width 0.05))
    (fp_line (start -3.7 -2.7) (end -3.7 2.7) (layer F.CrtYd) (width 0.05))
    (fp_line (start -1.95 -1.475) (end -0.975 -2.45) (layer F.Fab) (width 0.1))
    (fp_line (start -1.95 2.45) (end -1.95 -1.475) (layer F.Fab) (width 0.1))
    (fp_line (start 1.95 2.45) (end -1.95 2.45) (layer F.Fab) (width 0.1))
    (fp_line (start 1.95 -2.45) (end 1.95 2.45) (layer F.Fab) (width 0.1))
    (fp_line (start -0.975 -2.45) (end 1.95 -2.45) (layer F.Fab) (width 0.1))
    (fp_line (start 0 -2.56) (end -3.45 -2.56) (layer F.SilkS) (width 0.12))
    (fp_line (start 0 -2.56) (end 1.95 -2.56) (layer F.SilkS) (width 0.12))
    (fp_line (start 0 2.56) (end -1.95 2.56) (layer F.SilkS) (width 0.12))
    (fp_line (start 0 2.56) (end 1.95 2.56) (layer F.SilkS) (width 0.12))
    (pad 8 smd roundrect (at 2.475 -1.905 90) (size 1.95 0.6) (layers F.Cu F.Paste F.Mask) (roundrect_rratio 0.25)
      (net 41 "Net-(R10-Pad2)"))
    (pad 7 smd roundrect (at 2.475 -0.635 90) (size 1.95 0.6) (layers F.Cu F.Paste F.Mask) (roundrect_rratio 0.25)
      (net 1 GND))
    (pad 6 smd roundrect (at 2.475 0.635 90) (size 1.95 0.6) (layers F.Cu F.Paste F.Mask) (roundrect_rratio 0.25)
      (net 16 /sense/PWMAL))
    (pad 5 smd roundrect (at 2.475 1.905 90) (size 1.95 0.6) (layers F.Cu F.Paste F.Mask) (roundrect_rratio 0.25)
      (net 15 /sense/PWMAH))
    (pad 4 smd roundrect (at -2.475 1.905 90) (size 1.95 0.6) (layers F.Cu F.Paste F.Mask) (roundrect_rratio 0.25)
      (net 17 "Net-(C5-Pad2)"))
    (pad 3 smd roundrect (at -2.475 0.635 90) (size 1.95 0.6) (layers F.Cu F.Paste F.Mask) (roundrect_rratio 0.25)
      (net 40 "Net-(R4-Pad2)"))
    (pad 2 smd roundrect (at -2.475 -0.635 90) (size 1.95 0.6) (layers F.Cu F.Paste F.Mask) (roundrect_rratio 0.25)
      (net 79 "Net-(D1-Pad1)"))
    (pad 1 smd roundrect (at -2.475 -1.905 90) (size 1.95 0.6) (layers F.Cu F.Paste F.Mask) (roundrect_rratio 0.25)
      (net 50 +12V))
    (model ${KISYS3DMOD}/Package_SO.3dshapes/SOIC-8_3.9x4.9mm_P1.27mm.wrl
      (at (xyz 0 0 0))
      (scale (xyz 1 1 1))
      (rotate (xyz 0 0 0))
    )
  )

  (module Resistor_SMD:R_0805_2012Metric (layer F.Cu) (tedit 5B36C52B) (tstamp 608E47D0)
    (at 165.5618 168.8256 270)
    (descr "Resistor SMD 0805 (2012 Metric), square (rectangular) end terminal, IPC_7351 nominal, (Body size source: https://docs.google.com/spreadsheets/d/1BsfQQcO9C6DZCsRaXUlFlo91Tg2WpOkGARC1WS5S8t0/edit?usp=sharing), generated with kicad-footprint-generator")
    (tags resistor)
    (path /6091443D)
    (attr smd)
    (fp_text reference R5 (at 0 -1.65 90) (layer F.SilkS)
      (effects (font (size 1 1) (thickness 0.15)))
    )
    (fp_text value 47 (at 0 1.65 90) (layer F.Fab)
      (effects (font (size 1 1) (thickness 0.15)))
    )
    (fp_line (start -1 0.6) (end -1 -0.6) (layer F.Fab) (width 0.1))
    (fp_line (start -1 -0.6) (end 1 -0.6) (layer F.Fab) (width 0.1))
    (fp_line (start 1 -0.6) (end 1 0.6) (layer F.Fab) (width 0.1))
    (fp_line (start 1 0.6) (end -1 0.6) (layer F.Fab) (width 0.1))
    (fp_line (start -0.258578 -0.71) (end 0.258578 -0.71) (layer F.SilkS) (width 0.12))
    (fp_line (start -0.258578 0.71) (end 0.258578 0.71) (layer F.SilkS) (width 0.12))
    (fp_line (start -1.68 0.95) (end -1.68 -0.95) (layer F.CrtYd) (width 0.05))
    (fp_line (start -1.68 -0.95) (end 1.68 -0.95) (layer F.CrtYd) (width 0.05))
    (fp_line (start 1.68 -0.95) (end 1.68 0.95) (layer F.CrtYd) (width 0.05))
    (fp_line (start 1.68 0.95) (end -1.68 0.95) (layer F.CrtYd) (width 0.05))
    (fp_text user %R (at 0 0 90) (layer F.Fab)
      (effects (font (size 0.5 0.5) (thickness 0.08)))
    )
    (pad 1 smd roundrect (at -0.9375 0 270) (size 0.975 1.4) (layers F.Cu F.Paste F.Mask) (roundrect_rratio 0.25)
      (net 62 "Net-(R5-Pad1)"))
    (pad 2 smd roundrect (at 0.9375 0 270) (size 0.975 1.4) (layers F.Cu F.Paste F.Mask) (roundrect_rratio 0.25)
      (net 53 "Net-(Q4-Pad2)"))
    (model ${KISYS3DMOD}/Resistor_SMD.3dshapes/R_0805_2012Metric.wrl
      (at (xyz 0 0 0))
      (scale (xyz 1 1 1))
      (rotate (xyz 0 0 0))
    )
  )

  (module Capacitor_SMD:C_1206_3216Metric (layer F.Cu) (tedit 5B301BBE) (tstamp 5F27FB2D)
    (at 240.8474 130.7286 90)
    (descr "Capacitor SMD 1206 (3216 Metric), square (rectangular) end terminal, IPC_7351 nominal, (Body size source: http://www.tortai-tech.com/upload/download/2011102023233369053.pdf), generated with kicad-footprint-generator")
    (tags capacitor)
    (path /5F0EBB77)
    (attr smd)
    (fp_text reference C2 (at 3.3244 -0.2032 90) (layer F.SilkS)
      (effects (font (size 1 1) (thickness 0.15)))
    )
    (fp_text value 10uF (at 0 1.82 90) (layer F.Fab)
      (effects (font (size 1 1) (thickness 0.15)))
    )
    (fp_line (start -1.6 0.8) (end -1.6 -0.8) (layer F.Fab) (width 0.1))
    (fp_line (start -1.6 -0.8) (end 1.6 -0.8) (layer F.Fab) (width 0.1))
    (fp_line (start 1.6 -0.8) (end 1.6 0.8) (layer F.Fab) (width 0.1))
    (fp_line (start 1.6 0.8) (end -1.6 0.8) (layer F.Fab) (width 0.1))
    (fp_line (start -0.602064 -0.91) (end 0.602064 -0.91) (layer F.SilkS) (width 0.12))
    (fp_line (start -0.602064 0.91) (end 0.602064 0.91) (layer F.SilkS) (width 0.12))
    (fp_line (start -2.28 1.12) (end -2.28 -1.12) (layer F.CrtYd) (width 0.05))
    (fp_line (start -2.28 -1.12) (end 2.28 -1.12) (layer F.CrtYd) (width 0.05))
    (fp_line (start 2.28 -1.12) (end 2.28 1.12) (layer F.CrtYd) (width 0.05))
    (fp_line (start 2.28 1.12) (end -2.28 1.12) (layer F.CrtYd) (width 0.05))
    (fp_text user %R (at 0 0 90) (layer F.Fab)
      (effects (font (size 0.8 0.8) (thickness 0.12)))
    )
    (pad 1 smd roundrect (at -1.4 0 90) (size 1.25 1.75) (layers F.Cu F.Paste F.Mask) (roundrect_rratio 0.2)
      (net 50 +12V))
    (pad 2 smd roundrect (at 1.4 0 90) (size 1.25 1.75) (layers F.Cu F.Paste F.Mask) (roundrect_rratio 0.2)
      (net 1 GND))
    (model ${KISYS3DMOD}/Capacitor_SMD.3dshapes/C_1206_3216Metric.wrl
      (at (xyz 0 0 0))
      (scale (xyz 1 1 1))
      (rotate (xyz 0 0 0))
    )
  )

  (module Resistor_SMD:R_0805_2012Metric (layer F.Cu) (tedit 5B36C52B) (tstamp 60D6B96B)
    (at 165.6126 164.1243 270)
    (descr "Resistor SMD 0805 (2012 Metric), square (rectangular) end terminal, IPC_7351 nominal, (Body size source: https://docs.google.com/spreadsheets/d/1BsfQQcO9C6DZCsRaXUlFlo91Tg2WpOkGARC1WS5S8t0/edit?usp=sharing), generated with kicad-footprint-generator")
    (tags resistor)
    (path /59D8755C/5F5CC806)
    (attr smd)
    (fp_text reference R20 (at -0.0125 -1.75 90) (layer F.SilkS)
      (effects (font (size 1 1) (thickness 0.15)))
    )
    (fp_text value 150k (at 0 1.65 90) (layer F.Fab)
      (effects (font (size 1 1) (thickness 0.15)))
    )
    (fp_text user %R (at 0 0 90) (layer F.Fab)
      (effects (font (size 0.5 0.5) (thickness 0.08)))
    )
    (fp_line (start 1.68 0.95) (end -1.68 0.95) (layer F.CrtYd) (width 0.05))
    (fp_line (start 1.68 -0.95) (end 1.68 0.95) (layer F.CrtYd) (width 0.05))
    (fp_line (start -1.68 -0.95) (end 1.68 -0.95) (layer F.CrtYd) (width 0.05))
    (fp_line (start -1.68 0.95) (end -1.68 -0.95) (layer F.CrtYd) (width 0.05))
    (fp_line (start -0.258578 0.71) (end 0.258578 0.71) (layer F.SilkS) (width 0.12))
    (fp_line (start -0.258578 -0.71) (end 0.258578 -0.71) (layer F.SilkS) (width 0.12))
    (fp_line (start 1 0.6) (end -1 0.6) (layer F.Fab) (width 0.1))
    (fp_line (start 1 -0.6) (end 1 0.6) (layer F.Fab) (width 0.1))
    (fp_line (start -1 -0.6) (end 1 -0.6) (layer F.Fab) (width 0.1))
    (fp_line (start -1 0.6) (end -1 -0.6) (layer F.Fab) (width 0.1))
    (pad 2 smd roundrect (at 0.9375 0 270) (size 0.975 1.4) (layers F.Cu F.Paste F.Mask) (roundrect_rratio 0.25)
      (net 47 "Net-(R20-Pad2)"))
    (pad 1 smd roundrect (at -0.9375 0 270) (size 0.975 1.4) (layers F.Cu F.Paste F.Mask) (roundrect_rratio 0.25)
      (net 50 +12V))
    (model ${KISYS3DMOD}/Resistor_SMD.3dshapes/R_0805_2012Metric.wrl
      (at (xyz 0 0 0))
      (scale (xyz 1 1 1))
      (rotate (xyz 0 0 0))
    )
  )

  (module Resistor_SMD:R_0805_2012Metric (layer F.Cu) (tedit 5B36C52B) (tstamp 5F280597)
    (at 194.1645 133.291 180)
    (descr "Resistor SMD 0805 (2012 Metric), square (rectangular) end terminal, IPC_7351 nominal, (Body size source: https://docs.google.com/spreadsheets/d/1BsfQQcO9C6DZCsRaXUlFlo91Tg2WpOkGARC1WS5S8t0/edit?usp=sharing), generated with kicad-footprint-generator")
    (tags resistor)
    (path /59D8755C/5E9B7CBE)
    (attr smd)
    (fp_text reference R30 (at -3.3805 -0.2032) (layer F.SilkS)
      (effects (font (size 1 1) (thickness 0.15)))
    )
    (fp_text value 100k (at 0 1.65) (layer F.Fab)
      (effects (font (size 1 1) (thickness 0.15)))
    )
    (fp_text user %R (at 0 0) (layer F.Fab)
      (effects (font (size 0.5 0.5) (thickness 0.08)))
    )
    (fp_line (start 1.68 0.95) (end -1.68 0.95) (layer F.CrtYd) (width 0.05))
    (fp_line (start 1.68 -0.95) (end 1.68 0.95) (layer F.CrtYd) (width 0.05))
    (fp_line (start -1.68 -0.95) (end 1.68 -0.95) (layer F.CrtYd) (width 0.05))
    (fp_line (start -1.68 0.95) (end -1.68 -0.95) (layer F.CrtYd) (width 0.05))
    (fp_line (start -0.258578 0.71) (end 0.258578 0.71) (layer F.SilkS) (width 0.12))
    (fp_line (start -0.258578 -0.71) (end 0.258578 -0.71) (layer F.SilkS) (width 0.12))
    (fp_line (start 1 0.6) (end -1 0.6) (layer F.Fab) (width 0.1))
    (fp_line (start 1 -0.6) (end 1 0.6) (layer F.Fab) (width 0.1))
    (fp_line (start -1 -0.6) (end 1 -0.6) (layer F.Fab) (width 0.1))
    (fp_line (start -1 0.6) (end -1 -0.6) (layer F.Fab) (width 0.1))
    (pad 2 smd roundrect (at 0.9375 0 180) (size 0.975 1.4) (layers F.Cu F.Paste F.Mask) (roundrect_rratio 0.25)
      (net 21 Voltage))
    (pad 1 smd roundrect (at -0.9375 0 180) (size 0.975 1.4) (layers F.Cu F.Paste F.Mask) (roundrect_rratio 0.25)
      (net 31 VCC))
    (model ${KISYS3DMOD}/Resistor_SMD.3dshapes/R_0805_2012Metric.wrl
      (at (xyz 0 0 0))
      (scale (xyz 1 1 1))
      (rotate (xyz 0 0 0))
    )
  )

  (module Capacitor_SMD:C_0805_2012Metric (layer F.Cu) (tedit 5B36C52B) (tstamp 60D745D4)
    (at 173.5025 150.12 180)
    (descr "Capacitor SMD 0805 (2012 Metric), square (rectangular) end terminal, IPC_7351 nominal, (Body size source: https://docs.google.com/spreadsheets/d/1BsfQQcO9C6DZCsRaXUlFlo91Tg2WpOkGARC1WS5S8t0/edit?usp=sharing), generated with kicad-footprint-generator")
    (tags capacitor)
    (path /59D8755C/5F36DF4B)
    (attr smd)
    (fp_text reference C17 (at -0.7625 -1.65) (layer F.SilkS)
      (effects (font (size 1 1) (thickness 0.15)))
    )
    (fp_text value .22uF (at 0 1.65) (layer F.Fab)
      (effects (font (size 1 1) (thickness 0.15)))
    )
    (fp_line (start -1 0.6) (end -1 -0.6) (layer F.Fab) (width 0.1))
    (fp_line (start -1 -0.6) (end 1 -0.6) (layer F.Fab) (width 0.1))
    (fp_line (start 1 -0.6) (end 1 0.6) (layer F.Fab) (width 0.1))
    (fp_line (start 1 0.6) (end -1 0.6) (layer F.Fab) (width 0.1))
    (fp_line (start -0.258578 -0.71) (end 0.258578 -0.71) (layer F.SilkS) (width 0.12))
    (fp_line (start -0.258578 0.71) (end 0.258578 0.71) (layer F.SilkS) (width 0.12))
    (fp_line (start -1.68 0.95) (end -1.68 -0.95) (layer F.CrtYd) (width 0.05))
    (fp_line (start -1.68 -0.95) (end 1.68 -0.95) (layer F.CrtYd) (width 0.05))
    (fp_line (start 1.68 -0.95) (end 1.68 0.95) (layer F.CrtYd) (width 0.05))
    (fp_line (start 1.68 0.95) (end -1.68 0.95) (layer F.CrtYd) (width 0.05))
    (fp_text user %R (at 0 0) (layer F.Fab)
      (effects (font (size 0.5 0.5) (thickness 0.08)))
    )
    (pad 1 smd roundrect (at -0.9375 0 180) (size 0.975 1.4) (layers F.Cu F.Paste F.Mask) (roundrect_rratio 0.25)
      (net 51 "Net-(C17-Pad1)"))
    (pad 2 smd roundrect (at 0.9375 0 180) (size 0.975 1.4) (layers F.Cu F.Paste F.Mask) (roundrect_rratio 0.25)
      (net 44 "Net-(C17-Pad2)"))
    (model ${KISYS3DMOD}/Capacitor_SMD.3dshapes/C_0805_2012Metric.wrl
      (at (xyz 0 0 0))
      (scale (xyz 1 1 1))
      (rotate (xyz 0 0 0))
    )
  )

  (module Capacitor_SMD:C_0805_2012Metric (layer F.Cu) (tedit 5B36C52B) (tstamp 5F865F3E)
    (at 180.1875 121.525)
    (descr "Capacitor SMD 0805 (2012 Metric), square (rectangular) end terminal, IPC_7351 nominal, (Body size source: https://docs.google.com/spreadsheets/d/1BsfQQcO9C6DZCsRaXUlFlo91Tg2WpOkGARC1WS5S8t0/edit?usp=sharing), generated with kicad-footprint-generator")
    (tags capacitor)
    (path /59D8755C/5B2D8EFB)
    (attr smd)
    (fp_text reference C13 (at 3.1219 -0.1524) (layer F.SilkS)
      (effects (font (size 1 1) (thickness 0.15)))
    )
    (fp_text value .1uF (at 0 1.65) (layer F.Fab)
      (effects (font (size 1 1) (thickness 0.15)))
    )
    (fp_line (start -1 0.6) (end -1 -0.6) (layer F.Fab) (width 0.1))
    (fp_line (start -1 -0.6) (end 1 -0.6) (layer F.Fab) (width 0.1))
    (fp_line (start 1 -0.6) (end 1 0.6) (layer F.Fab) (width 0.1))
    (fp_line (start 1 0.6) (end -1 0.6) (layer F.Fab) (width 0.1))
    (fp_line (start -0.258578 -0.71) (end 0.258578 -0.71) (layer F.SilkS) (width 0.12))
    (fp_line (start -0.258578 0.71) (end 0.258578 0.71) (layer F.SilkS) (width 0.12))
    (fp_line (start -1.68 0.95) (end -1.68 -0.95) (layer F.CrtYd) (width 0.05))
    (fp_line (start -1.68 -0.95) (end 1.68 -0.95) (layer F.CrtYd) (width 0.05))
    (fp_line (start 1.68 -0.95) (end 1.68 0.95) (layer F.CrtYd) (width 0.05))
    (fp_line (start 1.68 0.95) (end -1.68 0.95) (layer F.CrtYd) (width 0.05))
    (fp_text user %R (at 0 0) (layer F.Fab)
      (effects (font (size 0.5 0.5) (thickness 0.08)))
    )
    (pad 1 smd roundrect (at -0.9375 0) (size 0.975 1.4) (layers F.Cu F.Paste F.Mask) (roundrect_rratio 0.25)
      (net 32 "Net-(C13-Pad1)"))
    (pad 2 smd roundrect (at 0.9375 0) (size 0.975 1.4) (layers F.Cu F.Paste F.Mask) (roundrect_rratio 0.25)
      (net 33 "Net-(C13-Pad2)"))
    (model ${KISYS3DMOD}/Capacitor_SMD.3dshapes/C_0805_2012Metric.wrl
      (at (xyz 0 0 0))
      (scale (xyz 1 1 1))
      (rotate (xyz 0 0 0))
    )
  )

  (module Resistor_SMD:R_0805_2012Metric (layer F.Cu) (tedit 5B36C52B) (tstamp 5F85E97F)
    (at 262.8184 129.3794 270)
    (descr "Resistor SMD 0805 (2012 Metric), square (rectangular) end terminal, IPC_7351 nominal, (Body size source: https://docs.google.com/spreadsheets/d/1BsfQQcO9C6DZCsRaXUlFlo91Tg2WpOkGARC1WS5S8t0/edit?usp=sharing), generated with kicad-footprint-generator")
    (tags resistor)
    (path /5EB8088F)
    (attr smd)
    (fp_text reference R3 (at 0.508 -2.159 90) (layer F.SilkS)
      (effects (font (size 1 1) (thickness 0.15)))
    )
    (fp_text value 2.2 (at 0 1.65 90) (layer F.Fab)
      (effects (font (size 1 1) (thickness 0.15)))
    )
    (fp_text user %R (at 0 0 90) (layer F.Fab)
      (effects (font (size 0.5 0.5) (thickness 0.08)))
    )
    (fp_line (start 1.68 0.95) (end -1.68 0.95) (layer F.CrtYd) (width 0.05))
    (fp_line (start 1.68 -0.95) (end 1.68 0.95) (layer F.CrtYd) (width 0.05))
    (fp_line (start -1.68 -0.95) (end 1.68 -0.95) (layer F.CrtYd) (width 0.05))
    (fp_line (start -1.68 0.95) (end -1.68 -0.95) (layer F.CrtYd) (width 0.05))
    (fp_line (start -0.258578 0.71) (end 0.258578 0.71) (layer F.SilkS) (width 0.12))
    (fp_line (start -0.258578 -0.71) (end 0.258578 -0.71) (layer F.SilkS) (width 0.12))
    (fp_line (start 1 0.6) (end -1 0.6) (layer F.Fab) (width 0.1))
    (fp_line (start 1 -0.6) (end 1 0.6) (layer F.Fab) (width 0.1))
    (fp_line (start -1 -0.6) (end 1 -0.6) (layer F.Fab) (width 0.1))
    (fp_line (start -1 0.6) (end -1 -0.6) (layer F.Fab) (width 0.1))
    (pad 2 smd roundrect (at 0.9375 0 270) (size 0.975 1.4) (layers F.Cu F.Paste F.Mask) (roundrect_rratio 0.25)
      (net 2 "Net-(C6-Pad1)"))
    (pad 1 smd roundrect (at -0.9375 0 270) (size 0.975 1.4) (layers F.Cu F.Paste F.Mask) (roundrect_rratio 0.25)
      (net 80 "Net-(D2-Pad1)"))
    (model ${KISYS3DMOD}/Resistor_SMD.3dshapes/R_0805_2012Metric.wrl
      (at (xyz 0 0 0))
      (scale (xyz 1 1 1))
      (rotate (xyz 0 0 0))
    )
  )

  (module Resistor_SMD:R_0805_2012Metric (layer F.Cu) (tedit 5B36C52B) (tstamp 60D6B99B)
    (at 167.735 164.0336 90)
    (descr "Resistor SMD 0805 (2012 Metric), square (rectangular) end terminal, IPC_7351 nominal, (Body size source: https://docs.google.com/spreadsheets/d/1BsfQQcO9C6DZCsRaXUlFlo91Tg2WpOkGARC1WS5S8t0/edit?usp=sharing), generated with kicad-footprint-generator")
    (tags resistor)
    (path /59D8755C/5F5E20C6)
    (attr smd)
    (fp_text reference R41 (at 3.1 -0.4 90) (layer F.SilkS)
      (effects (font (size 1 1) (thickness 0.15)))
    )
    (fp_text value 10k (at 0 1.65 90) (layer F.Fab)
      (effects (font (size 1 1) (thickness 0.15)))
    )
    (fp_line (start -1 0.6) (end -1 -0.6) (layer F.Fab) (width 0.1))
    (fp_line (start -1 -0.6) (end 1 -0.6) (layer F.Fab) (width 0.1))
    (fp_line (start 1 -0.6) (end 1 0.6) (layer F.Fab) (width 0.1))
    (fp_line (start 1 0.6) (end -1 0.6) (layer F.Fab) (width 0.1))
    (fp_line (start -0.258578 -0.71) (end 0.258578 -0.71) (layer F.SilkS) (width 0.12))
    (fp_line (start -0.258578 0.71) (end 0.258578 0.71) (layer F.SilkS) (width 0.12))
    (fp_line (start -1.68 0.95) (end -1.68 -0.95) (layer F.CrtYd) (width 0.05))
    (fp_line (start -1.68 -0.95) (end 1.68 -0.95) (layer F.CrtYd) (width 0.05))
    (fp_line (start 1.68 -0.95) (end 1.68 0.95) (layer F.CrtYd) (width 0.05))
    (fp_line (start 1.68 0.95) (end -1.68 0.95) (layer F.CrtYd) (width 0.05))
    (fp_text user %R (at 0 0 90) (layer F.Fab)
      (effects (font (size 0.5 0.5) (thickness 0.08)))
    )
    (pad 1 smd roundrect (at -0.9375 0 90) (size 0.975 1.4) (layers F.Cu F.Paste F.Mask) (roundrect_rratio 0.25)
      (net 47 "Net-(R20-Pad2)"))
    (pad 2 smd roundrect (at 0.9375 0 90) (size 0.975 1.4) (layers F.Cu F.Paste F.Mask) (roundrect_rratio 0.25)
      (net 1 GND))
    (model ${KISYS3DMOD}/Resistor_SMD.3dshapes/R_0805_2012Metric.wrl
      (at (xyz 0 0 0))
      (scale (xyz 1 1 1))
      (rotate (xyz 0 0 0))
    )
  )

  (module Package_QFP:TQFP-32_7x7mm_P0.8mm (layer F.Cu) (tedit 5A02F146) (tstamp 5F5011B9)
    (at 208.4308 124.8238)
    (descr "32-Lead Plastic Thin Quad Flatpack (PT) - 7x7x1.0 mm Body, 2.00 mm [TQFP] (see Microchip Packaging Specification 00000049BS.pdf)")
    (tags "QFP 0.8")
    (path /59D8755C/5D5C756E)
    (attr smd)
    (fp_text reference U8 (at -0.0192 -1.7354) (layer F.SilkS)
      (effects (font (size 1 1) (thickness 0.15)))
    )
    (fp_text value ATmega328P-AU (at 0 6.05) (layer F.Fab)
      (effects (font (size 1 1) (thickness 0.15)))
    )
    (fp_text user %R (at 0 0) (layer F.Fab)
      (effects (font (size 1 1) (thickness 0.15)))
    )
    (fp_line (start -2.5 -3.5) (end 3.5 -3.5) (layer F.Fab) (width 0.15))
    (fp_line (start 3.5 -3.5) (end 3.5 3.5) (layer F.Fab) (width 0.15))
    (fp_line (start 3.5 3.5) (end -3.5 3.5) (layer F.Fab) (width 0.15))
    (fp_line (start -3.5 3.5) (end -3.5 -2.5) (layer F.Fab) (width 0.15))
    (fp_line (start -3.5 -2.5) (end -2.5 -3.5) (layer F.Fab) (width 0.15))
    (fp_line (start -5.3 -5.3) (end -5.3 5.3) (layer F.CrtYd) (width 0.05))
    (fp_line (start 5.3 -5.3) (end 5.3 5.3) (layer F.CrtYd) (width 0.05))
    (fp_line (start -5.3 -5.3) (end 5.3 -5.3) (layer F.CrtYd) (width 0.05))
    (fp_line (start -5.3 5.3) (end 5.3 5.3) (layer F.CrtYd) (width 0.05))
    (fp_line (start -3.625 -3.625) (end -3.625 -3.4) (layer F.SilkS) (width 0.15))
    (fp_line (start 3.625 -3.625) (end 3.625 -3.3) (layer F.SilkS) (width 0.15))
    (fp_line (start 3.625 3.625) (end 3.625 3.3) (layer F.SilkS) (width 0.15))
    (fp_line (start -3.625 3.625) (end -3.625 3.3) (layer F.SilkS) (width 0.15))
    (fp_line (start -3.625 -3.625) (end -3.3 -3.625) (layer F.SilkS) (width 0.15))
    (fp_line (start -3.625 3.625) (end -3.3 3.625) (layer F.SilkS) (width 0.15))
    (fp_line (start 3.625 3.625) (end 3.3 3.625) (layer F.SilkS) (width 0.15))
    (fp_line (start 3.625 -3.625) (end 3.3 -3.625) (layer F.SilkS) (width 0.15))
    (fp_line (start -3.625 -3.4) (end -5.05 -3.4) (layer F.SilkS) (width 0.15))
    (pad 1 smd rect (at -4.25 -2.8) (size 1.6 0.55) (layers F.Cu F.Paste F.Mask)
      (net 19 /sense/PWMBL))
    (pad 2 smd rect (at -4.25 -2) (size 1.6 0.55) (layers F.Cu F.Paste F.Mask)
      (net 1 GND))
    (pad 3 smd rect (at -4.25 -1.2) (size 1.6 0.55) (layers F.Cu F.Paste F.Mask)
      (net 1 GND))
    (pad 4 smd rect (at -4.25 -0.4) (size 1.6 0.55) (layers F.Cu F.Paste F.Mask)
      (net 25 +5V))
    (pad 5 smd rect (at -4.25 0.4) (size 1.6 0.55) (layers F.Cu F.Paste F.Mask)
      (net 1 GND))
    (pad 6 smd rect (at -4.25 1.2) (size 1.6 0.55) (layers F.Cu F.Paste F.Mask)
      (net 25 +5V))
    (pad 7 smd rect (at -4.25 2) (size 1.6 0.55) (layers F.Cu F.Paste F.Mask)
      (net 35 "Net-(C20-Pad2)"))
    (pad 8 smd rect (at -4.25 2.8) (size 1.6 0.55) (layers F.Cu F.Paste F.Mask)
      (net 36 "Net-(C21-Pad2)"))
    (pad 9 smd rect (at -2.8 4.25 90) (size 1.6 0.55) (layers F.Cu F.Paste F.Mask)
      (net 1 GND))
    (pad 10 smd rect (at -2 4.25 90) (size 1.6 0.55) (layers F.Cu F.Paste F.Mask)
      (net 1 GND))
    (pad 11 smd rect (at -1.2 4.25 90) (size 1.6 0.55) (layers F.Cu F.Paste F.Mask)
      (net 5 EndA))
    (pad 12 smd rect (at -0.4 4.25 90) (size 1.6 0.55) (layers F.Cu F.Paste F.Mask)
      (net 4 EndB))
    (pad 13 smd rect (at 0.4 4.25 90) (size 1.6 0.55) (layers F.Cu F.Paste F.Mask)
      (net 15 /sense/PWMAH))
    (pad 14 smd rect (at 1.2 4.25 90) (size 1.6 0.55) (layers F.Cu F.Paste F.Mask)
      (net 20 /sense/PWMBH))
    (pad 15 smd rect (at 2 4.25 90) (size 1.6 0.55) (layers F.Cu F.Paste F.Mask)
      (net 9 MOSI))
    (pad 16 smd rect (at 2.8 4.25 90) (size 1.6 0.55) (layers F.Cu F.Paste F.Mask)
      (net 6 MISO))
    (pad 17 smd rect (at 4.25 2.8) (size 1.6 0.55) (layers F.Cu F.Paste F.Mask)
      (net 7 SCK))
    (pad 18 smd rect (at 4.25 2) (size 1.6 0.55) (layers F.Cu F.Paste F.Mask)
      (net 25 +5V))
    (pad 19 smd rect (at 4.25 1.2) (size 1.6 0.55) (layers F.Cu F.Paste F.Mask)
      (net 1 GND))
    (pad 20 smd rect (at 4.25 0.4) (size 1.6 0.55) (layers F.Cu F.Paste F.Mask)
      (net 34 "Net-(C18-Pad1)"))
    (pad 21 smd rect (at 4.25 -0.4) (size 1.6 0.55) (layers F.Cu F.Paste F.Mask)
      (net 1 GND))
    (pad 22 smd rect (at 4.25 -1.2) (size 1.6 0.55) (layers F.Cu F.Paste F.Mask)
      (net 1 GND))
    (pad 23 smd rect (at 4.25 -2) (size 1.6 0.55) (layers F.Cu F.Paste F.Mask)
      (net 21 Voltage))
    (pad 24 smd rect (at 4.25 -2.8) (size 1.6 0.55) (layers F.Cu F.Paste F.Mask)
      (net 46 "Net-(C28-Pad1)"))
    (pad 25 smd rect (at 2.8 -4.25 90) (size 1.6 0.55) (layers F.Cu F.Paste F.Mask)
      (net 22 Controller_Temp))
    (pad 26 smd rect (at 2 -4.25 90) (size 1.6 0.55) (layers F.Cu F.Paste F.Mask)
      (net 11 Motor_Temp))
    (pad 27 smd rect (at 1.2 -4.25 90) (size 1.6 0.55) (layers F.Cu F.Paste F.Mask)
      (net 12 Rudder))
    (pad 28 smd rect (at 0.4 -4.25 90) (size 1.6 0.55) (layers F.Cu F.Paste F.Mask)
      (net 1 GND))
    (pad 29 smd rect (at -0.4 -4.25 90) (size 1.6 0.55) (layers F.Cu F.Paste F.Mask)
      (net 8 RESET))
    (pad 30 smd rect (at -1.2 -4.25 90) (size 1.6 0.55) (layers F.Cu F.Paste F.Mask)
      (net 13 RX))
    (pad 31 smd rect (at -2 -4.25 90) (size 1.6 0.55) (layers F.Cu F.Paste F.Mask)
      (net 14 TX))
    (pad 32 smd rect (at -2.8 -4.25 90) (size 1.6 0.55) (layers F.Cu F.Paste F.Mask)
      (net 16 /sense/PWMAL))
    (model ${KISYS3DMOD}/Package_QFP.3dshapes/TQFP-32_7x7mm_P0.8mm.wrl
      (at (xyz 0 0 0))
      (scale (xyz 1 1 1))
      (rotate (xyz 0 0 0))
    )
  )

  (module Capacitor_SMD:C_0805_2012Metric (layer F.Cu) (tedit 5B36C52B) (tstamp 5F27FB1C)
    (at 182.6814 169.6661 270)
    (descr "Capacitor SMD 0805 (2012 Metric), square (rectangular) end terminal, IPC_7351 nominal, (Body size source: https://docs.google.com/spreadsheets/d/1BsfQQcO9C6DZCsRaXUlFlo91Tg2WpOkGARC1WS5S8t0/edit?usp=sharing), generated with kicad-footprint-generator")
    (tags capacitor)
    (path /5EAD65E9)
    (attr smd)
    (fp_text reference C1 (at -2.9464 0.2032 90) (layer F.SilkS)
      (effects (font (size 1 1) (thickness 0.15)))
    )
    (fp_text value 1uF (at 0 1.65 90) (layer F.Fab)
      (effects (font (size 1 1) (thickness 0.15)))
    )
    (fp_text user %R (at 0 0 90) (layer F.Fab)
      (effects (font (size 0.5 0.5) (thickness 0.08)))
    )
    (fp_line (start 1.68 0.95) (end -1.68 0.95) (layer F.CrtYd) (width 0.05))
    (fp_line (start 1.68 -0.95) (end 1.68 0.95) (layer F.CrtYd) (width 0.05))
    (fp_line (start -1.68 -0.95) (end 1.68 -0.95) (layer F.CrtYd) (width 0.05))
    (fp_line (start -1.68 0.95) (end -1.68 -0.95) (layer F.CrtYd) (width 0.05))
    (fp_line (start -0.258578 0.71) (end 0.258578 0.71) (layer F.SilkS) (width 0.12))
    (fp_line (start -0.258578 -0.71) (end 0.258578 -0.71) (layer F.SilkS) (width 0.12))
    (fp_line (start 1 0.6) (end -1 0.6) (layer F.Fab) (width 0.1))
    (fp_line (start 1 -0.6) (end 1 0.6) (layer F.Fab) (width 0.1))
    (fp_line (start -1 -0.6) (end 1 -0.6) (layer F.Fab) (width 0.1))
    (fp_line (start -1 0.6) (end -1 -0.6) (layer F.Fab) (width 0.1))
    (pad 2 smd roundrect (at 0.9375 0 270) (size 0.975 1.4) (layers F.Cu F.Paste F.Mask) (roundrect_rratio 0.25)
      (net 30 "Net-(C1-Pad2)"))
    (pad 1 smd roundrect (at -0.9375 0 270) (size 0.975 1.4) (layers F.Cu F.Paste F.Mask) (roundrect_rratio 0.25)
      (net 31 VCC))
    (model ${KISYS3DMOD}/Capacitor_SMD.3dshapes/C_0805_2012Metric.wrl
      (at (xyz 0 0 0))
      (scale (xyz 1 1 1))
      (rotate (xyz 0 0 0))
    )
  )

  (module Capacitor_SMD:C_1206_3216Metric (layer F.Cu) (tedit 5B301BBE) (tstamp 60A1D086)
    (at 254.4364 131.6684 90)
